0 0.518333 0.989024 0.003333 0.002439
0 0.045000 0.976829 0.003333 0.002439
0 0.085000 0.971951 0.003333 0.002439
0 0.245000 0.969512 0.003333 0.002439
0 0.171667 0.959756 0.003333 0.002439
0 0.018333 0.950000 0.003333 0.002439
0 0.201667 0.884146 0.003333 0.002439
0 0.975000 0.879268 0.003333 0.002439
0 0.588333 0.715854 0.003333 0.002439
0 0.655000 0.706098 0.003333 0.002439
0 0.011667 0.703659 0.003333 0.002439
0 0.035000 0.669512 0.003333 0.002439
0 0.318333 0.650000 0.003333 0.002439
0 0.598333 0.606098 0.003333 0.002439
0 0.015000 0.557317 0.003333 0.002439
0 0.438333 0.537805 0.003333 0.002439
0 0.155000 0.525610 0.003333 0.002439
0 0.405000 0.508537 0.003333 0.002439
0 0.345000 0.498780 0.003333 0.002439
0 0.065000 0.491463 0.003333 0.002439
0 0.528333 0.469512 0.003333 0.002439
0 0.405000 0.428049 0.003333 0.002439
0 0.241667 0.420732 0.003333 0.002439
0 0.158333 0.420732 0.003333 0.002439
0 0.571667 0.413415 0.003333 0.002439
0 0.615000 0.408537 0.003333 0.002439
0 0.728333 0.398780 0.003333 0.002439
0 0.388333 0.398780 0.003333 0.002439
0 0.965000 0.393902 0.003333 0.002439
0 0.268333 0.384146 0.003333 0.002439
0 0.018333 0.374390 0.003333 0.002439
0 0.731667 0.369512 0.003333 0.002439
0 0.558333 0.318293 0.003333 0.002439
0 0.341667 0.301220 0.003333 0.002439
0 0.508333 0.276829 0.003333 0.002439
0 0.018333 0.274390 0.003333 0.002439
0 0.305000 0.271951 0.003333 0.002439
0 0.071667 0.257317 0.003333 0.002439
0 0.515000 0.242683 0.003333 0.002439
0 0.108333 0.230488 0.003333 0.002439
0 0.055000 0.208537 0.003333 0.002439
0 0.911667 0.206098 0.003333 0.002439
0 0.298333 0.184146 0.003333 0.002439
0 0.191667 0.167073 0.003333 0.002439
0 0.325000 0.164634 0.003333 0.002439
0 0.581667 0.147561 0.003333 0.002439
0 0.181667 0.130488 0.003333 0.002439
0 0.721667 0.123171 0.003333 0.002439
0 0.648333 0.113415 0.003333 0.002439
0 0.061667 0.106098 0.003333 0.002439
0 0.178333 0.086585 0.003333 0.002439
0 0.061667 0.084146 0.003333 0.002439
0 0.015000 0.081707 0.003333 0.002439
0 0.135000 0.013415 0.003333 0.002439
0 0.331667 0.008537 0.003333 0.002439
0 0.788333 0.006098 0.003333 0.002439
