0 0.951667 0.940244 0.003333 0.002439
0 0.211667 0.906098 0.003333 0.002439
0 0.775000 0.876829 0.003333 0.002439
0 0.021667 0.862195 0.003333 0.002439
0 0.088333 0.825610 0.003333 0.002439
0 0.025000 0.806098 0.003333 0.002439
0 0.975000 0.745122 0.003333 0.002439
0 0.025000 0.725610 0.003333 0.002439
0 0.125000 0.706098 0.003333 0.002439
0 0.415000 0.689024 0.003333 0.002439
0 0.028333 0.635366 0.003333 0.002439
0 0.555000 0.632927 0.003333 0.002439
0 0.165000 0.623171 0.003333 0.002439
0 0.631667 0.601220 0.003333 0.002439
0 0.455000 0.586585 0.003333 0.002439
0 0.858333 0.569512 0.003333 0.002439
0 0.311667 0.564634 0.003333 0.002439
0 0.145000 0.559756 0.003333 0.002439
0 0.181667 0.530488 0.003333 0.002439
0 0.188333 0.479268 0.003333 0.002439
0 0.018333 0.464634 0.003333 0.002439
0 0.155000 0.447561 0.003333 0.002439
0 0.701667 0.408537 0.003333 0.002439
0 0.028333 0.391463 0.003333 0.002439
0 0.488333 0.371951 0.003333 0.002439
0 0.295000 0.340244 0.003333 0.002439
0 0.351667 0.335366 0.003333 0.002439
0 0.618333 0.303659 0.003333 0.002439
0 0.818333 0.301220 0.003333 0.002439
0 0.098333 0.291463 0.003333 0.002439
0 0.571667 0.286585 0.003333 0.002439
0 0.018333 0.269512 0.003333 0.002439
0 0.658333 0.250000 0.003333 0.002439
0 0.775000 0.220732 0.003333 0.002439
0 0.195000 0.162195 0.003333 0.002439
0 0.968333 0.150000 0.003333 0.002439
0 0.075000 0.147561 0.003333 0.002439
0 0.355000 0.120732 0.003333 0.002439
0 0.131667 0.120732 0.003333 0.002439
0 0.941667 0.093902 0.003333 0.002439
0 0.055000 0.069512 0.003333 0.002439
0 0.991667 0.028049 0.003333 0.002439
0 0.308333 0.023171 0.003333 0.002439
0 0.108333 0.023171 0.003333 0.002439
0 0.011667 0.023171 0.003333 0.002439
0 0.468333 0.020732 0.003333 0.002439
0 0.891667 0.015854 0.003333 0.002439
