0 0.518333 0.984146 0.003333 0.002439
0 0.231667 0.971951 0.003333 0.002439
0 0.098333 0.954878 0.003333 0.002439
0 0.035000 0.942683 0.003333 0.002439
0 0.178333 0.940244 0.003333 0.002439
0 0.978333 0.881707 0.003333 0.002439
0 0.188333 0.857317 0.003333 0.002439
0 0.011667 0.828049 0.003333 0.002439
0 0.628333 0.728049 0.003333 0.002439
0 0.638333 0.708537 0.003333 0.002439
0 0.011667 0.706098 0.003333 0.002439
0 0.028333 0.664634 0.003333 0.002439
0 0.355000 0.642683 0.003333 0.002439
0 0.618333 0.625610 0.003333 0.002439
0 0.015000 0.554878 0.003333 0.002439
0 0.188333 0.550000 0.003333 0.002439
0 0.441667 0.528049 0.003333 0.002439
0 0.391667 0.498780 0.003333 0.002439
0 0.335000 0.496341 0.003333 0.002439
0 0.548333 0.491463 0.003333 0.002439
0 0.071667 0.484146 0.003333 0.002439
0 0.161667 0.447561 0.003333 0.002439
0 0.595000 0.437805 0.003333 0.002439
0 0.415000 0.425610 0.003333 0.002439
0 0.635000 0.423171 0.003333 0.002439
0 0.145000 0.418293 0.003333 0.002439
0 0.268333 0.408537 0.003333 0.002439
0 0.738333 0.401220 0.003333 0.002439
0 0.215000 0.398780 0.003333 0.002439
0 0.401667 0.393902 0.003333 0.002439
0 0.028333 0.364634 0.003333 0.002439
0 0.955000 0.359756 0.003333 0.002439
0 0.738333 0.352439 0.003333 0.002439
0 0.548333 0.313415 0.003333 0.002439
0 0.015000 0.291463 0.003333 0.002439
0 0.351667 0.286585 0.003333 0.002439
0 0.058333 0.284146 0.003333 0.002439
0 0.538333 0.276829 0.003333 0.002439
0 0.111667 0.267073 0.003333 0.002439
0 0.325000 0.264634 0.003333 0.002439
0 0.538333 0.235366 0.003333 0.002439
0 0.128333 0.225610 0.003333 0.002439
0 0.085000 0.201220 0.003333 0.002439
0 0.901667 0.196341 0.003333 0.002439
0 0.338333 0.167073 0.003333 0.002439
0 0.288333 0.164634 0.003333 0.002439
0 0.181667 0.147561 0.003333 0.002439
0 0.585000 0.118293 0.003333 0.002439
0 0.065000 0.115854 0.003333 0.002439
0 0.651667 0.110976 0.003333 0.002439
0 0.715000 0.101220 0.003333 0.002439
0 0.178333 0.093902 0.003333 0.002439
0 0.218333 0.089024 0.003333 0.002439
0 0.108333 0.089024 0.003333 0.002439
0 0.018333 0.050000 0.003333 0.002439
0 0.328333 0.015854 0.003333 0.002439
0 0.148333 0.015854 0.003333 0.002439
