0 0.191667 0.874390 0.003333 0.002439
0 0.798333 0.850000 0.003333 0.002439
0 0.908333 0.825610 0.003333 0.002439
0 0.778333 0.793902 0.003333 0.002439
0 0.351667 0.769512 0.003333 0.002439
0 0.898333 0.757317 0.003333 0.002439
0 0.968333 0.725610 0.003333 0.002439
0 0.708333 0.684146 0.003333 0.002439
0 0.085000 0.647561 0.003333 0.002439
0 0.365000 0.645122 0.003333 0.002439
0 0.008333 0.640244 0.003333 0.002439
0 0.085000 0.606098 0.003333 0.002439
0 0.151667 0.498780 0.003333 0.002439
0 0.415000 0.452439 0.003333 0.002439
0 0.415000 0.423171 0.003333 0.002439
0 0.205000 0.381707 0.003333 0.002439
0 0.078333 0.362195 0.003333 0.002439
0 0.775000 0.354878 0.003333 0.002439
0 0.131667 0.298780 0.003333 0.002439
0 0.195000 0.286585 0.003333 0.002439
0 0.191667 0.250000 0.003333 0.002439
0 0.665000 0.242683 0.003333 0.002439
0 0.775000 0.237805 0.003333 0.002439
0 0.961667 0.228049 0.003333 0.002439
0 0.528333 0.208537 0.003333 0.002439
0 0.315000 0.206098 0.003333 0.002439
0 0.425000 0.157317 0.003333 0.002439
0 0.168333 0.132927 0.003333 0.002439
0 0.418333 0.118293 0.003333 0.002439
0 0.348333 0.118293 0.003333 0.002439
0 0.615000 0.103659 0.003333 0.002439
0 0.315000 0.101220 0.003333 0.002439
0 0.371667 0.086585 0.003333 0.002439
0 0.685000 0.074390 0.003333 0.002439
0 0.408333 0.057317 0.003333 0.002439
0 0.171667 0.050000 0.003333 0.002439
0 0.058333 0.037805 0.003333 0.002439
0 0.315000 0.035366 0.003333 0.002439
0 0.475000 0.013415 0.003333 0.002439
