0 0.658333 0.989024 0.003333 0.002439
0 0.485000 0.979268 0.003333 0.002439
0 0.058333 0.932927 0.003333 0.002439
0 0.008333 0.889024 0.003333 0.002439
0 0.118333 0.881707 0.003333 0.002439
0 0.931667 0.864634 0.003333 0.002439
0 0.655000 0.862195 0.003333 0.002439
0 0.451667 0.859756 0.003333 0.002439
0 0.581667 0.813415 0.003333 0.002439
0 0.235000 0.728049 0.003333 0.002439
0 0.278333 0.671951 0.003333 0.002439
0 0.345000 0.652439 0.003333 0.002439
0 0.021667 0.606098 0.003333 0.002439
0 0.401667 0.574390 0.003333 0.002439
0 0.805000 0.571951 0.003333 0.002439
0 0.541667 0.571951 0.003333 0.002439
0 0.115000 0.562195 0.003333 0.002439
0 0.461667 0.557317 0.003333 0.002439
0 0.798333 0.520732 0.003333 0.002439
0 0.855000 0.506098 0.003333 0.002439
0 0.128333 0.496341 0.003333 0.002439
0 0.008333 0.454878 0.003333 0.002439
0 0.991667 0.440244 0.003333 0.002439
0 0.655000 0.428049 0.003333 0.002439
0 0.835000 0.369512 0.003333 0.002439
0 0.038333 0.369512 0.003333 0.002439
0 0.348333 0.354878 0.003333 0.002439
0 0.201667 0.350000 0.003333 0.002439
0 0.485000 0.340244 0.003333 0.002439
0 0.008333 0.340244 0.003333 0.002439
0 0.981667 0.325610 0.003333 0.002439
0 0.451667 0.291463 0.003333 0.002439
0 0.251667 0.291463 0.003333 0.002439
0 0.035000 0.291463 0.003333 0.002439
0 0.528333 0.271951 0.003333 0.002439
0 0.015000 0.262195 0.003333 0.002439
0 0.091667 0.240244 0.003333 0.002439
0 0.678333 0.228049 0.003333 0.002439
0 0.898333 0.218293 0.003333 0.002439
0 0.511667 0.198780 0.003333 0.002439
0 0.015000 0.179268 0.003333 0.002439
0 0.191667 0.174390 0.003333 0.002439
0 0.048333 0.174390 0.003333 0.002439
0 0.291667 0.167073 0.003333 0.002439
0 0.351667 0.162195 0.003333 0.002439
0 0.021667 0.152439 0.003333 0.002439
0 0.481667 0.140244 0.003333 0.002439
0 0.308333 0.132927 0.003333 0.002439
0 0.828333 0.130488 0.003333 0.002439
0 0.025000 0.130488 0.003333 0.002439
0 0.238333 0.115854 0.003333 0.002439
0 0.358333 0.101220 0.003333 0.002439
0 0.051667 0.101220 0.003333 0.002439
0 0.498333 0.098780 0.003333 0.002439
0 0.008333 0.093902 0.003333 0.002439
0 0.231667 0.084146 0.003333 0.002439
0 0.228333 0.059756 0.003333 0.002439
0 0.375000 0.032927 0.003333 0.002439
