0 0.075000 0.993902 0.003333 0.002439
0 0.048333 0.976829 0.003333 0.002439
0 0.235000 0.957317 0.003333 0.002439
0 0.591667 0.932927 0.003333 0.002439
0 0.428333 0.896341 0.003333 0.002439
0 0.925000 0.862195 0.003333 0.002439
0 0.431667 0.840244 0.003333 0.002439
0 0.308333 0.818293 0.003333 0.002439
0 0.275000 0.713415 0.003333 0.002439
0 0.661667 0.671951 0.003333 0.002439
0 0.831667 0.637805 0.003333 0.002439
0 0.348333 0.628049 0.003333 0.002439
0 0.048333 0.623171 0.003333 0.002439
0 0.245000 0.615854 0.003333 0.002439
0 0.898333 0.606098 0.003333 0.002439
0 0.671667 0.559756 0.003333 0.002439
0 0.538333 0.540244 0.003333 0.002439
0 0.455000 0.523171 0.003333 0.002439
0 0.038333 0.523171 0.003333 0.002439
0 0.221667 0.508537 0.003333 0.002439
0 0.785000 0.498780 0.003333 0.002439
0 0.095000 0.471951 0.003333 0.002439
0 0.385000 0.459756 0.003333 0.002439
0 0.261667 0.450000 0.003333 0.002439
0 0.105000 0.425610 0.003333 0.002439
0 0.531667 0.403659 0.003333 0.002439
0 0.351667 0.345122 0.003333 0.002439
0 0.951667 0.340244 0.003333 0.002439
0 0.115000 0.330488 0.003333 0.002439
0 0.565000 0.328049 0.003333 0.002439
0 0.875000 0.323171 0.003333 0.002439
0 0.155000 0.323171 0.003333 0.002439
0 0.171667 0.303659 0.003333 0.002439
0 0.041667 0.267073 0.003333 0.002439
0 0.505000 0.262195 0.003333 0.002439
0 0.398333 0.247561 0.003333 0.002439
0 0.601667 0.235366 0.003333 0.002439
0 0.731667 0.230488 0.003333 0.002439
0 0.025000 0.220732 0.003333 0.002439
0 0.125000 0.181707 0.003333 0.002439
0 0.348333 0.179268 0.003333 0.002439
0 0.305000 0.167073 0.003333 0.002439
0 0.241667 0.145122 0.003333 0.002439
0 0.118333 0.145122 0.003333 0.002439
0 0.271667 0.140244 0.003333 0.002439
0 0.315000 0.123171 0.003333 0.002439
0 0.515000 0.115854 0.003333 0.002439
0 0.435000 0.115854 0.003333 0.002439
0 0.098333 0.089024 0.003333 0.002439
0 0.048333 0.084146 0.003333 0.002439
0 0.235000 0.081707 0.003333 0.002439
0 0.141667 0.069512 0.003333 0.002439
0 0.015000 0.062195 0.003333 0.002439
0 0.485000 0.057317 0.003333 0.002439
0 0.551667 0.042683 0.003333 0.002439
0 0.081667 0.042683 0.003333 0.002439
0 0.595000 0.040244 0.003333 0.002439
0 0.341667 0.032927 0.003333 0.002439
0 0.878333 0.013415 0.003333 0.002439
