0 0.231667 0.981707 0.003333 0.002439
0 0.101667 0.942683 0.003333 0.002439
0 0.771667 0.850000 0.003333 0.002439
0 0.181667 0.835366 0.003333 0.002439
0 0.938333 0.813415 0.003333 0.002439
0 0.745000 0.791463 0.003333 0.002439
0 0.958333 0.781707 0.003333 0.002439
0 0.741667 0.745122 0.003333 0.002439
0 0.325000 0.715854 0.003333 0.002439
0 0.395000 0.659756 0.003333 0.002439
0 0.168333 0.652439 0.003333 0.002439
0 0.158333 0.615854 0.003333 0.002439
0 0.121667 0.591463 0.003333 0.002439
0 0.035000 0.581707 0.003333 0.002439
0 0.191667 0.574390 0.003333 0.002439
0 0.168333 0.491463 0.003333 0.002439
0 0.518333 0.459756 0.003333 0.002439
0 0.515000 0.437805 0.003333 0.002439
0 0.278333 0.437805 0.003333 0.002439
0 0.801667 0.415854 0.003333 0.002439
0 0.048333 0.389024 0.003333 0.002439
0 0.091667 0.303659 0.003333 0.002439
0 0.021667 0.245122 0.003333 0.002439
0 0.148333 0.242683 0.003333 0.002439
0 0.225000 0.240244 0.003333 0.002439
0 0.701667 0.232927 0.003333 0.002439
0 0.395000 0.232927 0.003333 0.002439
0 0.578333 0.193902 0.003333 0.002439
0 0.651667 0.186585 0.003333 0.002439
0 0.378333 0.150000 0.003333 0.002439
0 0.815000 0.135366 0.003333 0.002439
0 0.355000 0.123171 0.003333 0.002439
0 0.421667 0.110976 0.003333 0.002439
0 0.071667 0.110976 0.003333 0.002439
0 0.735000 0.103659 0.003333 0.002439
0 0.578333 0.084146 0.003333 0.002439
0 0.408333 0.081707 0.003333 0.002439
0 0.495000 0.067073 0.003333 0.002439
0 0.608333 0.047561 0.003333 0.002439
0 0.281667 0.045122 0.003333 0.002439
0 0.025000 0.032927 0.003333 0.002439
0 0.728333 0.030488 0.003333 0.002439
0 0.481667 0.020732 0.003333 0.002439
0 0.351667 0.015854 0.003333 0.002439
0 0.081667 0.006098 0.003333 0.002439
