0 0.455000 0.991463 0.003333 0.002439
0 0.605000 0.945122 0.003333 0.002439
0 0.055000 0.915854 0.003333 0.002439
0 0.465000 0.867073 0.003333 0.002439
0 0.938333 0.864634 0.003333 0.002439
0 0.008333 0.854878 0.003333 0.002439
0 0.678333 0.852439 0.003333 0.002439
0 0.065000 0.823171 0.003333 0.002439
0 0.588333 0.796341 0.003333 0.002439
0 0.308333 0.679268 0.003333 0.002439
0 0.188333 0.676829 0.003333 0.002439
0 0.398333 0.642683 0.003333 0.002439
0 0.295000 0.625610 0.003333 0.002439
0 0.445000 0.613415 0.003333 0.002439
0 0.868333 0.581707 0.003333 0.002439
0 0.031667 0.581707 0.003333 0.002439
0 0.431667 0.564634 0.003333 0.002439
0 0.061667 0.535366 0.003333 0.002439
0 0.518333 0.518293 0.003333 0.002439
0 0.091667 0.489024 0.003333 0.002439
0 0.778333 0.476829 0.003333 0.002439
0 0.841667 0.464634 0.003333 0.002439
0 0.828333 0.408537 0.003333 0.002439
0 0.598333 0.393902 0.003333 0.002439
0 0.041667 0.371951 0.003333 0.002439
0 0.961667 0.367073 0.003333 0.002439
0 0.338333 0.354878 0.003333 0.002439
0 0.011667 0.342683 0.003333 0.002439
0 0.405000 0.337805 0.003333 0.002439
0 0.465000 0.318293 0.003333 0.002439
0 0.178333 0.303659 0.003333 0.002439
0 0.198333 0.276829 0.003333 0.002439
0 0.015000 0.259756 0.003333 0.002439
0 0.498333 0.237805 0.003333 0.002439
0 0.635000 0.228049 0.003333 0.002439
0 0.878333 0.225610 0.003333 0.002439
0 0.058333 0.225610 0.003333 0.002439
0 0.191667 0.213415 0.003333 0.002439
0 0.805000 0.210976 0.003333 0.002439
0 0.028333 0.186585 0.003333 0.002439
0 0.498333 0.174390 0.003333 0.002439
0 0.458333 0.171951 0.003333 0.002439
0 0.335000 0.164634 0.003333 0.002439
0 0.018333 0.132927 0.003333 0.002439
0 0.315000 0.125610 0.003333 0.002439
0 0.491667 0.108537 0.003333 0.002439
0 0.008333 0.103659 0.003333 0.002439
0 0.195000 0.098780 0.003333 0.002439
0 0.245000 0.093902 0.003333 0.002439
0 0.371667 0.084146 0.003333 0.002439
0 0.038333 0.084146 0.003333 0.002439
0 0.485000 0.069512 0.003333 0.002439
0 0.921667 0.050000 0.003333 0.002439
0 0.298333 0.047561 0.003333 0.002439
0 0.701667 0.045122 0.003333 0.002439
0 0.335000 0.030488 0.003333 0.002439
