0 0.018333 0.979268 0.003333 0.002439
0 0.958333 0.974390 0.003333 0.002439
0 0.215000 0.932927 0.003333 0.002439
0 0.771667 0.857317 0.003333 0.002439
0 0.088333 0.847561 0.003333 0.002439
0 0.018333 0.806098 0.003333 0.002439
0 0.985000 0.791463 0.003333 0.002439
0 0.025000 0.781707 0.003333 0.002439
0 0.141667 0.759756 0.003333 0.002439
0 0.631667 0.713415 0.003333 0.002439
0 0.705000 0.706098 0.003333 0.002439
0 0.408333 0.681707 0.003333 0.002439
0 0.235000 0.662195 0.003333 0.002439
0 0.188333 0.589024 0.003333 0.002439
0 0.151667 0.579268 0.003333 0.002439
0 0.281667 0.574390 0.003333 0.002439
0 0.178333 0.530488 0.003333 0.002439
0 0.388333 0.523171 0.003333 0.002439
0 0.825000 0.506098 0.003333 0.002439
0 0.061667 0.503659 0.003333 0.002439
0 0.191667 0.489024 0.003333 0.002439
0 0.635000 0.435366 0.003333 0.002439
0 0.568333 0.354878 0.003333 0.002439
0 0.675000 0.323171 0.003333 0.002439
0 0.458333 0.313415 0.003333 0.002439
0 0.095000 0.274390 0.003333 0.002439
0 0.268333 0.259756 0.003333 0.002439
0 0.568333 0.235366 0.003333 0.002439
0 0.345000 0.235366 0.003333 0.002439
0 0.728333 0.210976 0.003333 0.002439
0 0.128333 0.181707 0.003333 0.002439
0 0.581667 0.169512 0.003333 0.002439
0 0.091667 0.167073 0.003333 0.002439
0 0.035000 0.152439 0.003333 0.002439
0 0.878333 0.128049 0.003333 0.002439
0 0.835000 0.079268 0.003333 0.002439
0 0.385000 0.064634 0.003333 0.002439
0 0.018333 0.064634 0.003333 0.002439
0 0.898333 0.059756 0.003333 0.002439
0 0.778333 0.059756 0.003333 0.002439
0 0.431667 0.040244 0.003333 0.002439
0 0.871667 0.010976 0.003333 0.002439
0 0.095000 0.010976 0.003333 0.002439
0 0.635000 0.006098 0.003333 0.002439
