0 0.471667 0.957317 0.003333 0.002439
0 0.058333 0.954878 0.003333 0.002439
0 0.015000 0.913415 0.003333 0.002439
0 0.148333 0.903659 0.003333 0.002439
0 0.638333 0.876829 0.003333 0.002439
0 0.925000 0.864634 0.003333 0.002439
0 0.445000 0.857317 0.003333 0.002439
0 0.581667 0.835366 0.003333 0.002439
0 0.255000 0.747561 0.003333 0.002439
0 0.271667 0.686585 0.003333 0.002439
0 0.358333 0.640244 0.003333 0.002439
0 0.021667 0.610976 0.003333 0.002439
0 0.561667 0.596341 0.003333 0.002439
0 0.148333 0.576829 0.003333 0.002439
0 0.008333 0.571951 0.003333 0.002439
0 0.778333 0.569512 0.003333 0.002439
0 0.485000 0.557317 0.003333 0.002439
0 0.808333 0.545122 0.003333 0.002439
0 0.411667 0.540244 0.003333 0.002439
0 0.861667 0.530488 0.003333 0.002439
0 0.165000 0.528049 0.003333 0.002439
0 0.161667 0.491463 0.003333 0.002439
0 0.015000 0.469512 0.003333 0.002439
0 0.678333 0.447561 0.003333 0.002439
0 0.985000 0.418293 0.003333 0.002439
0 0.011667 0.406098 0.003333 0.002439
0 0.991667 0.391463 0.003333 0.002439
0 0.041667 0.369512 0.003333 0.002439
0 0.211667 0.367073 0.003333 0.002439
0 0.848333 0.359756 0.003333 0.002439
0 0.358333 0.359756 0.003333 0.002439
0 0.491667 0.352439 0.003333 0.002439
0 0.011667 0.337805 0.003333 0.002439
0 0.988333 0.308537 0.003333 0.002439
0 0.048333 0.296341 0.003333 0.002439
0 0.538333 0.291463 0.003333 0.002439
0 0.291667 0.291463 0.003333 0.002439
0 0.471667 0.276829 0.003333 0.002439
0 0.041667 0.269512 0.003333 0.002439
0 0.111667 0.252439 0.003333 0.002439
0 0.688333 0.228049 0.003333 0.002439
0 0.521667 0.208537 0.003333 0.002439
0 0.015000 0.191463 0.003333 0.002439
0 0.071667 0.174390 0.003333 0.002439
0 0.285000 0.159756 0.003333 0.002439
0 0.335000 0.152439 0.003333 0.002439
0 0.188333 0.150000 0.003333 0.002439
0 0.035000 0.140244 0.003333 0.002439
0 0.261667 0.125610 0.003333 0.002439
0 0.505000 0.115854 0.003333 0.002439
0 0.355000 0.115854 0.003333 0.002439
0 0.471667 0.110976 0.003333 0.002439
0 0.065000 0.103659 0.003333 0.002439
0 0.841667 0.096341 0.003333 0.002439
0 0.015000 0.091463 0.003333 0.002439
0 0.231667 0.089024 0.003333 0.002439
0 0.181667 0.054878 0.003333 0.002439
0 0.401667 0.032927 0.003333 0.002439
