0 0.188333 0.881707 0.003333 0.002439
0 0.801667 0.864634 0.003333 0.002439
0 0.891667 0.859756 0.003333 0.002439
0 0.348333 0.786585 0.003333 0.002439
0 0.788333 0.776829 0.003333 0.002439
0 0.878333 0.735366 0.003333 0.002439
0 0.945000 0.706098 0.003333 0.002439
0 0.698333 0.662195 0.003333 0.002439
0 0.058333 0.652439 0.003333 0.002439
0 0.361667 0.647561 0.003333 0.002439
0 0.058333 0.613415 0.003333 0.002439
0 0.148333 0.498780 0.003333 0.002439
0 0.398333 0.476829 0.003333 0.002439
0 0.985000 0.428049 0.003333 0.002439
0 0.385000 0.398780 0.003333 0.002439
0 0.015000 0.391463 0.003333 0.002439
0 0.071667 0.376829 0.003333 0.002439
0 0.191667 0.364634 0.003333 0.002439
0 0.758333 0.335366 0.003333 0.002439
0 0.208333 0.308537 0.003333 0.002439
0 0.768333 0.262195 0.003333 0.002439
0 0.168333 0.250000 0.003333 0.002439
0 0.651667 0.245122 0.003333 0.002439
0 0.511667 0.218293 0.003333 0.002439
0 0.935000 0.210976 0.003333 0.002439
0 0.295000 0.208537 0.003333 0.002439
0 0.431667 0.167073 0.003333 0.002439
0 0.185000 0.140244 0.003333 0.002439
0 0.408333 0.120732 0.003333 0.002439
0 0.355000 0.120732 0.003333 0.002439
0 0.315000 0.113415 0.003333 0.002439
0 0.601667 0.086585 0.003333 0.002439
0 0.351667 0.084146 0.003333 0.002439
0 0.181667 0.074390 0.003333 0.002439
0 0.668333 0.059756 0.003333 0.002439
0 0.041667 0.057317 0.003333 0.002439
0 0.375000 0.054878 0.003333 0.002439
0 0.305000 0.042683 0.003333 0.002439
