0 0.941667 0.930488 0.003333 0.002439
0 0.198333 0.908537 0.003333 0.002439
0 0.778333 0.886585 0.003333 0.002439
0 0.065000 0.881707 0.003333 0.002439
0 0.158333 0.847561 0.003333 0.002439
0 0.105000 0.820732 0.003333 0.002439
0 0.045000 0.776829 0.003333 0.002439
0 0.428333 0.715854 0.003333 0.002439
0 0.948333 0.701220 0.003333 0.002439
0 0.025000 0.689024 0.003333 0.002439
0 0.118333 0.657317 0.003333 0.002439
0 0.481667 0.615854 0.003333 0.002439
0 0.865000 0.606098 0.003333 0.002439
0 0.168333 0.606098 0.003333 0.002439
0 0.048333 0.601220 0.003333 0.002439
0 0.541667 0.584146 0.003333 0.002439
0 0.595000 0.547561 0.003333 0.002439
0 0.311667 0.542683 0.003333 0.002439
0 0.138333 0.537805 0.003333 0.002439
0 0.175000 0.503659 0.003333 0.002439
0 0.191667 0.462195 0.003333 0.002439
0 0.711667 0.452439 0.003333 0.002439
0 0.741667 0.410976 0.003333 0.002439
0 0.495000 0.401220 0.003333 0.002439
0 0.355000 0.381707 0.003333 0.002439
0 0.071667 0.381707 0.003333 0.002439
0 0.151667 0.379268 0.003333 0.002439
0 0.288333 0.376829 0.003333 0.002439
0 0.895000 0.359756 0.003333 0.002439
0 0.715000 0.308537 0.003333 0.002439
0 0.118333 0.303659 0.003333 0.002439
0 0.661667 0.296341 0.003333 0.002439
0 0.565000 0.291463 0.003333 0.002439
0 0.051667 0.259756 0.003333 0.002439
0 0.805000 0.223171 0.003333 0.002439
0 0.988333 0.184146 0.003333 0.002439
0 0.388333 0.181707 0.003333 0.002439
0 0.245000 0.174390 0.003333 0.002439
0 0.098333 0.147561 0.003333 0.002439
0 0.021667 0.147561 0.003333 0.002439
0 0.165000 0.106098 0.003333 0.002439
0 0.071667 0.067073 0.003333 0.002439
0 0.015000 0.028049 0.003333 0.002439
0 0.041667 0.020732 0.003333 0.002439
0 0.218333 0.018293 0.003333 0.002439
0 0.101667 0.010976 0.003333 0.002439
