0 0.625000 0.991463 0.003333 0.002439
0 0.011667 0.969512 0.003333 0.002439
0 0.991667 0.910976 0.003333 0.002439
0 0.058333 0.898780 0.003333 0.002439
0 0.295000 0.859756 0.003333 0.002439
0 0.095000 0.747561 0.003333 0.002439
0 0.695000 0.713415 0.003333 0.002439
0 0.025000 0.706098 0.003333 0.002439
0 0.085000 0.654878 0.003333 0.002439
0 0.351667 0.642683 0.003333 0.002439
0 0.011667 0.637805 0.003333 0.002439
0 0.421667 0.625610 0.003333 0.002439
0 0.085000 0.601220 0.003333 0.002439
0 0.468333 0.596341 0.003333 0.002439
0 0.391667 0.581707 0.003333 0.002439
0 0.091667 0.574390 0.003333 0.002439
0 0.421667 0.498780 0.003333 0.002439
0 0.028333 0.491463 0.003333 0.002439
0 0.575000 0.471951 0.003333 0.002439
0 0.541667 0.445122 0.003333 0.002439
0 0.608333 0.415854 0.003333 0.002439
0 0.415000 0.408537 0.003333 0.002439
0 0.258333 0.398780 0.003333 0.002439
0 0.015000 0.379268 0.003333 0.002439
0 0.425000 0.352439 0.003333 0.002439
0 0.615000 0.342683 0.003333 0.002439
0 0.435000 0.328049 0.003333 0.002439
0 0.221667 0.325610 0.003333 0.002439
0 0.145000 0.325610 0.003333 0.002439
0 0.735000 0.320732 0.003333 0.002439
0 0.555000 0.320732 0.003333 0.002439
0 0.438333 0.291463 0.003333 0.002439
0 0.245000 0.274390 0.003333 0.002439
0 0.095000 0.267073 0.003333 0.002439
0 0.368333 0.250000 0.003333 0.002439
0 0.211667 0.250000 0.003333 0.002439
0 0.078333 0.242683 0.003333 0.002439
0 0.008333 0.237805 0.003333 0.002439
0 0.115000 0.220732 0.003333 0.002439
0 0.365000 0.213415 0.003333 0.002439
0 0.218333 0.159756 0.003333 0.002439
0 0.391667 0.152439 0.003333 0.002439
0 0.968333 0.150000 0.003333 0.002439
0 0.005000 0.130488 0.003333 0.002439
0 0.665000 0.115854 0.003333 0.002439
0 0.261667 0.059756 0.003333 0.002439
0 0.745000 0.037805 0.003333 0.002439
0 0.181667 0.037805 0.003333 0.002439
0 0.988333 0.028049 0.003333 0.002439
0 0.425000 0.020732 0.003333 0.002439
0 0.021667 0.020732 0.003333 0.002439
