0 0.068333 0.989024 0.003333 0.002439
0 0.035000 0.954878 0.003333 0.002439
0 0.208333 0.935366 0.003333 0.002439
0 0.451667 0.915854 0.003333 0.002439
0 0.618333 0.908537 0.003333 0.002439
0 0.581667 0.903659 0.003333 0.002439
0 0.921667 0.862195 0.003333 0.002439
0 0.438333 0.845122 0.003333 0.002439
0 0.295000 0.791463 0.003333 0.002439
0 0.271667 0.708537 0.003333 0.002439
0 0.621667 0.645122 0.003333 0.002439
0 0.355000 0.628049 0.003333 0.002439
0 0.035000 0.613415 0.003333 0.002439
0 0.828333 0.598780 0.003333 0.002439
0 0.208333 0.598780 0.003333 0.002439
0 0.885000 0.574390 0.003333 0.002439
0 0.708333 0.559756 0.003333 0.002439
0 0.531667 0.545122 0.003333 0.002439
0 0.448333 0.520732 0.003333 0.002439
0 0.031667 0.506098 0.003333 0.002439
0 0.201667 0.498780 0.003333 0.002439
0 0.758333 0.484146 0.003333 0.002439
0 0.395000 0.476829 0.003333 0.002439
0 0.068333 0.452439 0.003333 0.002439
0 0.238333 0.423171 0.003333 0.002439
0 0.078333 0.410976 0.003333 0.002439
0 0.515000 0.384146 0.003333 0.002439
0 0.961667 0.367073 0.003333 0.002439
0 0.358333 0.350000 0.003333 0.002439
0 0.868333 0.335366 0.003333 0.002439
0 0.548333 0.310976 0.003333 0.002439
0 0.078333 0.310976 0.003333 0.002439
0 0.121667 0.301220 0.003333 0.002439
0 0.141667 0.279268 0.003333 0.002439
0 0.025000 0.276829 0.003333 0.002439
0 0.498333 0.262195 0.003333 0.002439
0 0.375000 0.262195 0.003333 0.002439
0 0.571667 0.232927 0.003333 0.002439
0 0.718333 0.225610 0.003333 0.002439
0 0.015000 0.213415 0.003333 0.002439
0 0.935000 0.201220 0.003333 0.002439
0 0.101667 0.176829 0.003333 0.002439
0 0.348333 0.167073 0.003333 0.002439
0 0.298333 0.162195 0.003333 0.002439
0 0.251667 0.147561 0.003333 0.002439
0 0.348333 0.135366 0.003333 0.002439
0 0.078333 0.132927 0.003333 0.002439
0 0.305000 0.128049 0.003333 0.002439
0 0.511667 0.113415 0.003333 0.002439
0 0.445000 0.113415 0.003333 0.002439
0 0.161667 0.101220 0.003333 0.002439
0 0.078333 0.101220 0.003333 0.002439
0 0.235000 0.091463 0.003333 0.002439
0 0.535000 0.069512 0.003333 0.002439
0 0.011667 0.069512 0.003333 0.002439
0 0.458333 0.047561 0.003333 0.002439
0 0.098333 0.045122 0.003333 0.002439
0 0.338333 0.032927 0.003333 0.002439
0 0.865000 0.030488 0.003333 0.002439
0 0.578333 0.028049 0.003333 0.002439
