0 0.858333 0.928049 0.003333 0.002439
0 0.178333 0.901220 0.003333 0.002439
0 0.795000 0.886585 0.003333 0.002439
0 0.325000 0.801220 0.003333 0.002439
0 0.795000 0.757317 0.003333 0.002439
0 0.848333 0.708537 0.003333 0.002439
0 0.025000 0.693902 0.003333 0.002439
0 0.358333 0.667073 0.003333 0.002439
0 0.888333 0.662195 0.003333 0.002439
0 0.038333 0.650000 0.003333 0.002439
0 0.665000 0.618293 0.003333 0.002439
0 0.015000 0.579268 0.003333 0.002439
0 0.351667 0.537805 0.003333 0.002439
0 0.135000 0.493902 0.003333 0.002439
0 0.048333 0.484146 0.003333 0.002439
0 0.041667 0.445122 0.003333 0.002439
0 0.061667 0.415854 0.003333 0.002439
0 0.981667 0.401220 0.003333 0.002439
0 0.328333 0.352439 0.003333 0.002439
0 0.218333 0.352439 0.003333 0.002439
0 0.175000 0.345122 0.003333 0.002439
0 0.738333 0.325610 0.003333 0.002439
0 0.708333 0.284146 0.003333 0.002439
0 0.628333 0.252439 0.003333 0.002439
0 0.488333 0.247561 0.003333 0.002439
0 0.261667 0.240244 0.003333 0.002439
0 0.125000 0.237805 0.003333 0.002439
0 0.238333 0.223171 0.003333 0.002439
0 0.461667 0.198780 0.003333 0.002439
0 0.861667 0.164634 0.003333 0.002439
0 0.191667 0.159756 0.003333 0.002439
0 0.321667 0.137805 0.003333 0.002439
0 0.425000 0.135366 0.003333 0.002439
0 0.281667 0.132927 0.003333 0.002439
0 0.175000 0.101220 0.003333 0.002439
0 0.035000 0.086585 0.003333 0.002439
0 0.295000 0.074390 0.003333 0.002439
0 0.561667 0.062195 0.003333 0.002439
0 0.321667 0.042683 0.003333 0.002439
0 0.271667 0.040244 0.003333 0.002439
0 0.625000 0.025610 0.003333 0.002439
