0 0.385000 0.989024 0.003333 0.002439
0 0.361667 0.964634 0.003333 0.002439
0 0.291667 0.942683 0.003333 0.002439
0 0.091667 0.925610 0.003333 0.002439
0 0.761667 0.920732 0.003333 0.002439
0 0.151667 0.906098 0.003333 0.002439
0 0.095000 0.808537 0.003333 0.002439
0 0.085000 0.784146 0.003333 0.002439
0 0.248333 0.762195 0.003333 0.002439
0 0.375000 0.754878 0.003333 0.002439
0 0.658333 0.732927 0.003333 0.002439
0 0.528333 0.728049 0.003333 0.002439
0 0.365000 0.708537 0.003333 0.002439
0 0.131667 0.674390 0.003333 0.002439
0 0.588333 0.667073 0.003333 0.002439
0 0.078333 0.657317 0.003333 0.002439
0 0.591667 0.623171 0.003333 0.002439
0 0.631667 0.562195 0.003333 0.002439
0 0.075000 0.559756 0.003333 0.002439
0 0.151667 0.520732 0.003333 0.002439
0 0.481667 0.506098 0.003333 0.002439
0 0.385000 0.479268 0.003333 0.002439
0 0.498333 0.464634 0.003333 0.002439
0 0.251667 0.457317 0.003333 0.002439
0 0.701667 0.454878 0.003333 0.002439
0 0.208333 0.445122 0.003333 0.002439
0 0.251667 0.423171 0.003333 0.002439
0 0.818333 0.418293 0.003333 0.002439
0 0.211667 0.401220 0.003333 0.002439
0 0.385000 0.381707 0.003333 0.002439
0 0.615000 0.340244 0.003333 0.002439
0 0.235000 0.298780 0.003333 0.002439
0 0.121667 0.281707 0.003333 0.002439
0 0.571667 0.279268 0.003333 0.002439
0 0.521667 0.279268 0.003333 0.002439
0 0.335000 0.213415 0.003333 0.002439
0 0.035000 0.213415 0.003333 0.002439
0 0.518333 0.203659 0.003333 0.002439
0 0.735000 0.198780 0.003333 0.002439
0 0.805000 0.184146 0.003333 0.002439
0 0.058333 0.162195 0.003333 0.002439
0 0.898333 0.159756 0.003333 0.002439
0 0.471667 0.159756 0.003333 0.002439
0 0.131667 0.154878 0.003333 0.002439
0 0.355000 0.135366 0.003333 0.002439
0 0.088333 0.135366 0.003333 0.002439
0 0.315000 0.132927 0.003333 0.002439
0 0.338333 0.110976 0.003333 0.002439
0 0.915000 0.101220 0.003333 0.002439
0 0.805000 0.096341 0.003333 0.002439
0 0.355000 0.086585 0.003333 0.002439
0 0.268333 0.059756 0.003333 0.002439
0 0.651667 0.050000 0.003333 0.002439
0 0.155000 0.035366 0.003333 0.002439
0 0.411667 0.020732 0.003333 0.002439
0 0.621667 0.015854 0.003333 0.002439
0 0.681667 0.013415 0.003333 0.002439
0 0.041667 0.008537 0.003333 0.002439
