0 0.168333 0.974390 0.003333 0.002439
0 0.125000 0.962195 0.003333 0.002439
0 0.365000 0.928049 0.003333 0.002439
0 0.058333 0.903659 0.003333 0.002439
0 0.738333 0.881707 0.003333 0.002439
0 0.511667 0.825610 0.003333 0.002439
0 0.221667 0.801220 0.003333 0.002439
0 0.575000 0.713415 0.003333 0.002439
0 0.048333 0.708537 0.003333 0.002439
0 0.815000 0.684146 0.003333 0.002439
0 0.881667 0.618293 0.003333 0.002439
0 0.745000 0.603659 0.003333 0.002439
0 0.028333 0.571951 0.003333 0.002439
0 0.378333 0.557317 0.003333 0.002439
0 0.138333 0.542683 0.003333 0.002439
0 0.218333 0.506098 0.003333 0.002439
0 0.338333 0.496341 0.003333 0.002439
0 0.158333 0.491463 0.003333 0.002439
0 0.015000 0.486585 0.003333 0.002439
0 0.451667 0.467073 0.003333 0.002439
0 0.328333 0.467073 0.003333 0.002439
0 0.141667 0.457317 0.003333 0.002439
0 0.481667 0.447561 0.003333 0.002439
0 0.825000 0.440244 0.003333 0.002439
0 0.288333 0.440244 0.003333 0.002439
0 0.088333 0.437805 0.003333 0.002439
0 0.531667 0.418293 0.003333 0.002439
0 0.488333 0.376829 0.003333 0.002439
0 0.088333 0.374390 0.003333 0.002439
0 0.211667 0.364634 0.003333 0.002439
0 0.045000 0.352439 0.003333 0.002439
0 0.331667 0.325610 0.003333 0.002439
0 0.268333 0.318293 0.003333 0.002439
0 0.838333 0.301220 0.003333 0.002439
0 0.068333 0.301220 0.003333 0.002439
0 0.188333 0.293902 0.003333 0.002439
0 0.105000 0.286585 0.003333 0.002439
0 0.921667 0.250000 0.003333 0.002439
0 0.211667 0.228049 0.003333 0.002439
0 0.048333 0.225610 0.003333 0.002439
0 0.508333 0.196341 0.003333 0.002439
0 0.218333 0.193902 0.003333 0.002439
0 0.021667 0.193902 0.003333 0.002439
0 0.021667 0.157317 0.003333 0.002439
0 0.258333 0.150000 0.003333 0.002439
0 0.205000 0.145122 0.003333 0.002439
0 0.055000 0.145122 0.003333 0.002439
0 0.425000 0.113415 0.003333 0.002439
0 0.615000 0.091463 0.003333 0.002439
0 0.081667 0.089024 0.003333 0.002439
0 0.011667 0.032927 0.003333 0.002439
0 0.818333 0.028049 0.003333 0.002439
0 0.251667 0.020732 0.003333 0.002439
