0 0.935000 0.937805 0.003333 0.002439
0 0.191667 0.915854 0.003333 0.002439
0 0.101667 0.893902 0.003333 0.002439
0 0.771667 0.884146 0.003333 0.002439
0 0.191667 0.859756 0.003333 0.002439
0 0.131667 0.832927 0.003333 0.002439
0 0.048333 0.759756 0.003333 0.002439
0 0.438333 0.732927 0.003333 0.002439
0 0.921667 0.674390 0.003333 0.002439
0 0.021667 0.671951 0.003333 0.002439
0 0.111667 0.637805 0.003333 0.002439
0 0.481667 0.632927 0.003333 0.002439
0 0.861667 0.623171 0.003333 0.002439
0 0.171667 0.593902 0.003333 0.002439
0 0.528333 0.564634 0.003333 0.002439
0 0.071667 0.557317 0.003333 0.002439
0 0.305000 0.545122 0.003333 0.002439
0 0.141667 0.535366 0.003333 0.002439
0 0.585000 0.520732 0.003333 0.002439
0 0.171667 0.498780 0.003333 0.002439
0 0.711667 0.481707 0.003333 0.002439
0 0.208333 0.452439 0.003333 0.002439
0 0.498333 0.413415 0.003333 0.002439
0 0.351667 0.410976 0.003333 0.002439
0 0.755000 0.408537 0.003333 0.002439
0 0.285000 0.393902 0.003333 0.002439
0 0.948333 0.389024 0.003333 0.002439
0 0.098333 0.364634 0.003333 0.002439
0 0.161667 0.352439 0.003333 0.002439
0 0.728333 0.330488 0.003333 0.002439
0 0.128333 0.308537 0.003333 0.002439
0 0.688333 0.296341 0.003333 0.002439
0 0.551667 0.286585 0.003333 0.002439
0 0.068333 0.250000 0.003333 0.002439
0 0.818333 0.228049 0.003333 0.002439
0 0.411667 0.215854 0.003333 0.002439
0 0.265000 0.191463 0.003333 0.002439
0 0.021667 0.147561 0.003333 0.002439
0 0.131667 0.145122 0.003333 0.002439
0 0.015000 0.108537 0.003333 0.002439
0 0.198333 0.098780 0.003333 0.002439
0 0.075000 0.076829 0.003333 0.002439
0 0.018333 0.042683 0.003333 0.002439
0 0.058333 0.035366 0.003333 0.002439
0 0.235000 0.028049 0.003333 0.002439
0 0.101667 0.008537 0.003333 0.002439
