0 0.191667 0.974390 0.003333 0.002439
0 0.391667 0.964634 0.003333 0.002439
0 0.281667 0.915854 0.003333 0.002439
0 0.921667 0.891463 0.003333 0.002439
0 0.868333 0.884146 0.003333 0.002439
0 0.171667 0.852439 0.003333 0.002439
0 0.401667 0.810976 0.003333 0.002439
0 0.315000 0.791463 0.003333 0.002439
0 0.341667 0.730488 0.003333 0.002439
0 0.478333 0.723171 0.003333 0.002439
0 0.045000 0.676829 0.003333 0.002439
0 0.068333 0.664634 0.003333 0.002439
0 0.511667 0.603659 0.003333 0.002439
0 0.361667 0.589024 0.003333 0.002439
0 0.105000 0.584146 0.003333 0.002439
0 0.265000 0.552439 0.003333 0.002439
0 0.845000 0.550000 0.003333 0.002439
0 0.515000 0.550000 0.003333 0.002439
0 0.451667 0.523171 0.003333 0.002439
0 0.545000 0.493902 0.003333 0.002439
0 0.951667 0.484146 0.003333 0.002439
0 0.281667 0.484146 0.003333 0.002439
0 0.421667 0.479268 0.003333 0.002439
0 0.015000 0.459756 0.003333 0.002439
0 0.468333 0.442683 0.003333 0.002439
0 0.418333 0.415854 0.003333 0.002439
0 0.208333 0.401220 0.003333 0.002439
0 0.031667 0.398780 0.003333 0.002439
0 0.338333 0.391463 0.003333 0.002439
0 0.285000 0.376829 0.003333 0.002439
0 0.135000 0.367073 0.003333 0.002439
0 0.595000 0.359756 0.003333 0.002439
0 0.448333 0.352439 0.003333 0.002439
0 0.275000 0.330488 0.003333 0.002439
0 0.338333 0.325610 0.003333 0.002439
0 0.765000 0.313415 0.003333 0.002439
0 0.581667 0.291463 0.003333 0.002439
0 0.738333 0.289024 0.003333 0.002439
0 0.228333 0.284146 0.003333 0.002439
0 0.225000 0.250000 0.003333 0.002439
0 0.438333 0.203659 0.003333 0.002439
0 0.875000 0.176829 0.003333 0.002439
0 0.171667 0.174390 0.003333 0.002439
0 0.205000 0.159756 0.003333 0.002439
0 0.408333 0.150000 0.003333 0.002439
0 0.131667 0.142683 0.003333 0.002439
0 0.048333 0.132927 0.003333 0.002439
0 0.375000 0.118293 0.003333 0.002439
0 0.171667 0.115854 0.003333 0.002439
0 0.061667 0.098780 0.003333 0.002439
0 0.778333 0.096341 0.003333 0.002439
0 0.901667 0.076829 0.003333 0.002439
0 0.341667 0.074390 0.003333 0.002439
0 0.011667 0.050000 0.003333 0.002439
0 0.291667 0.023171 0.003333 0.002439
0 0.228333 0.018293 0.003333 0.002439
0 0.811667 0.013415 0.003333 0.002439
0 0.141667 0.008537 0.003333 0.002439
