0 0.955000 0.989024 0.003333 0.002439
0 0.008333 0.974390 0.003333 0.002439
0 0.218333 0.942683 0.003333 0.002439
0 0.095000 0.867073 0.003333 0.002439
0 0.775000 0.859756 0.003333 0.002439
0 0.988333 0.840244 0.003333 0.002439
0 0.985000 0.789024 0.003333 0.002439
0 0.011667 0.789024 0.003333 0.002439
0 0.155000 0.781707 0.003333 0.002439
0 0.721667 0.735366 0.003333 0.002439
0 0.665000 0.735366 0.003333 0.002439
0 0.401667 0.676829 0.003333 0.002439
0 0.265000 0.669512 0.003333 0.002439
0 0.195000 0.610976 0.003333 0.002439
0 0.151667 0.581707 0.003333 0.002439
0 0.258333 0.574390 0.003333 0.002439
0 0.188333 0.547561 0.003333 0.002439
0 0.065000 0.513415 0.003333 0.002439
0 0.368333 0.501220 0.003333 0.002439
0 0.188333 0.489024 0.003333 0.002439
0 0.831667 0.484146 0.003333 0.002439
0 0.615000 0.442683 0.003333 0.002439
0 0.565000 0.369512 0.003333 0.002439
0 0.678333 0.289024 0.003333 0.002439
0 0.451667 0.284146 0.003333 0.002439
0 0.091667 0.274390 0.003333 0.002439
0 0.258333 0.242683 0.003333 0.002439
0 0.738333 0.220732 0.003333 0.002439
0 0.571667 0.220732 0.003333 0.002439
0 0.351667 0.203659 0.003333 0.002439
0 0.128333 0.203659 0.003333 0.002439
0 0.075000 0.191463 0.003333 0.002439
0 0.691667 0.176829 0.003333 0.002439
0 0.041667 0.150000 0.003333 0.002439
0 0.558333 0.132927 0.003333 0.002439
0 0.838333 0.118293 0.003333 0.002439
0 0.011667 0.108537 0.003333 0.002439
0 0.361667 0.084146 0.003333 0.002439
0 0.865000 0.076829 0.003333 0.002439
0 0.788333 0.076829 0.003333 0.002439
0 0.398333 0.076829 0.003333 0.002439
0 0.015000 0.067073 0.003333 0.002439
0 0.745000 0.057317 0.003333 0.002439
0 0.858333 0.047561 0.003333 0.002439
0 0.418333 0.047561 0.003333 0.002439
0 0.071667 0.013415 0.003333 0.002439
0 0.588333 0.008537 0.003333 0.002439
