0 0.878333 0.989024 0.003333 0.002439
0 0.178333 0.950000 0.003333 0.002439
0 0.125000 0.940244 0.003333 0.002439
0 0.011667 0.906098 0.003333 0.002439
0 0.291667 0.893902 0.003333 0.002439
0 0.761667 0.886585 0.003333 0.002439
0 0.205000 0.830488 0.003333 0.002439
0 0.481667 0.789024 0.003333 0.002439
0 0.051667 0.730488 0.003333 0.002439
0 0.531667 0.686585 0.003333 0.002439
0 0.848333 0.659756 0.003333 0.002439
0 0.898333 0.652439 0.003333 0.002439
0 0.031667 0.615854 0.003333 0.002439
0 0.128333 0.576829 0.003333 0.002439
0 0.731667 0.550000 0.003333 0.002439
0 0.171667 0.540244 0.003333 0.002439
0 0.251667 0.523171 0.003333 0.002439
0 0.365000 0.506098 0.003333 0.002439
0 0.145000 0.506098 0.003333 0.002439
0 0.471667 0.501220 0.003333 0.002439
0 0.255000 0.486585 0.003333 0.002439
0 0.108333 0.481707 0.003333 0.002439
0 0.545000 0.447561 0.003333 0.002439
0 0.048333 0.440244 0.003333 0.002439
0 0.485000 0.432927 0.003333 0.002439
0 0.305000 0.432927 0.003333 0.002439
0 0.258333 0.432927 0.003333 0.002439
0 0.805000 0.408537 0.003333 0.002439
0 0.035000 0.362195 0.003333 0.002439
0 0.191667 0.337805 0.003333 0.002439
0 0.055000 0.330488 0.003333 0.002439
0 0.451667 0.323171 0.003333 0.002439
0 0.145000 0.323171 0.003333 0.002439
0 0.015000 0.323171 0.003333 0.002439
0 0.201667 0.310976 0.003333 0.002439
0 0.758333 0.301220 0.003333 0.002439
0 0.305000 0.264634 0.003333 0.002439
0 0.035000 0.259756 0.003333 0.002439
0 0.871667 0.240244 0.003333 0.002439
0 0.518333 0.237805 0.003333 0.002439
0 0.138333 0.232927 0.003333 0.002439
0 0.025000 0.164634 0.003333 0.002439
0 0.138333 0.147561 0.003333 0.002439
0 0.215000 0.145122 0.003333 0.002439
0 0.138333 0.113415 0.003333 0.002439
0 0.038333 0.101220 0.003333 0.002439
0 0.341667 0.098780 0.003333 0.002439
0 0.565000 0.028049 0.003333 0.002439
0 0.168333 0.013415 0.003333 0.002439
