0 0.475000 0.986585 0.003333 0.002439
0 0.638333 0.964634 0.003333 0.002439
0 0.055000 0.923171 0.003333 0.002439
0 0.931667 0.864634 0.003333 0.002439
0 0.458333 0.859756 0.003333 0.002439
0 0.091667 0.854878 0.003333 0.002439
0 0.665000 0.850000 0.003333 0.002439
0 0.581667 0.801220 0.003333 0.002439
0 0.211667 0.701220 0.003333 0.002439
0 0.331667 0.664634 0.003333 0.002439
0 0.288333 0.650000 0.003333 0.002439
0 0.401667 0.601220 0.003333 0.002439
0 0.025000 0.596341 0.003333 0.002439
0 0.838333 0.576829 0.003333 0.002439
0 0.435000 0.564634 0.003333 0.002439
0 0.081667 0.552439 0.003333 0.002439
0 0.528333 0.547561 0.003333 0.002439
0 0.788333 0.496341 0.003333 0.002439
0 0.111667 0.491463 0.003333 0.002439
0 0.851667 0.484146 0.003333 0.002439
0 0.991667 0.471951 0.003333 0.002439
0 0.621667 0.410976 0.003333 0.002439
0 0.831667 0.389024 0.003333 0.002439
0 0.038333 0.371951 0.003333 0.002439
0 0.351667 0.352439 0.003333 0.002439
0 0.008333 0.345122 0.003333 0.002439
0 0.968333 0.342683 0.003333 0.002439
0 0.471667 0.328049 0.003333 0.002439
0 0.195000 0.320732 0.003333 0.002439
0 0.425000 0.306098 0.003333 0.002439
0 0.221667 0.279268 0.003333 0.002439
0 0.018333 0.279268 0.003333 0.002439
0 0.508333 0.247561 0.003333 0.002439
0 0.075000 0.230488 0.003333 0.002439
0 0.668333 0.228049 0.003333 0.002439
0 0.895000 0.218293 0.003333 0.002439
0 0.191667 0.196341 0.003333 0.002439
0 0.501667 0.184146 0.003333 0.002439
0 0.811667 0.171951 0.003333 0.002439
0 0.038333 0.171951 0.003333 0.002439
0 0.291667 0.169512 0.003333 0.002439
0 0.348333 0.167073 0.003333 0.002439
0 0.471667 0.150000 0.003333 0.002439
0 0.308333 0.135366 0.003333 0.002439
0 0.021667 0.132927 0.003333 0.002439
0 0.491667 0.115854 0.003333 0.002439
0 0.221667 0.103659 0.003333 0.002439
0 0.365000 0.091463 0.003333 0.002439
0 0.041667 0.091463 0.003333 0.002439
0 0.235000 0.084146 0.003333 0.002439
0 0.485000 0.079268 0.003333 0.002439
0 0.268333 0.052439 0.003333 0.002439
0 0.348333 0.032927 0.003333 0.002439
0 0.911667 0.030488 0.003333 0.002439
0 0.725000 0.020732 0.003333 0.002439
