0 0.041667 0.991463 0.003333 0.002439
0 0.251667 0.974390 0.003333 0.002439
0 0.571667 0.959756 0.003333 0.002439
0 0.608333 0.942683 0.003333 0.002439
0 0.418333 0.879268 0.003333 0.002439
0 0.915000 0.862195 0.003333 0.002439
0 0.325000 0.847561 0.003333 0.002439
0 0.428333 0.842683 0.003333 0.002439
0 0.278333 0.720732 0.003333 0.002439
0 0.698333 0.691463 0.003333 0.002439
0 0.838333 0.664634 0.003333 0.002439
0 0.091667 0.654878 0.003333 0.002439
0 0.905000 0.642683 0.003333 0.002439
0 0.275000 0.628049 0.003333 0.002439
0 0.338333 0.620732 0.003333 0.002439
0 0.051667 0.620732 0.003333 0.002439
0 0.635000 0.550000 0.003333 0.002439
0 0.038333 0.542683 0.003333 0.002439
0 0.551667 0.525610 0.003333 0.002439
0 0.458333 0.515854 0.003333 0.002439
0 0.238333 0.508537 0.003333 0.002439
0 0.818333 0.503659 0.003333 0.002439
0 0.125000 0.498780 0.003333 0.002439
0 0.288333 0.471951 0.003333 0.002439
0 0.378333 0.442683 0.003333 0.002439
0 0.128333 0.432927 0.003333 0.002439
0 0.565000 0.415854 0.003333 0.002439
0 0.158333 0.352439 0.003333 0.002439
0 0.585000 0.347561 0.003333 0.002439
0 0.208333 0.337805 0.003333 0.002439
0 0.345000 0.335366 0.003333 0.002439
0 0.185000 0.310976 0.003333 0.002439
0 0.955000 0.303659 0.003333 0.002439
0 0.891667 0.298780 0.003333 0.002439
0 0.505000 0.267073 0.003333 0.002439
0 0.071667 0.262195 0.003333 0.002439
0 0.428333 0.237805 0.003333 0.002439
0 0.035000 0.230488 0.003333 0.002439
0 0.748333 0.225610 0.003333 0.002439
0 0.635000 0.225610 0.003333 0.002439
0 0.348333 0.198780 0.003333 0.002439
0 0.155000 0.198780 0.003333 0.002439
0 0.301667 0.184146 0.003333 0.002439
0 0.151667 0.171951 0.003333 0.002439
0 0.365000 0.169512 0.003333 0.002439
0 0.235000 0.142683 0.003333 0.002439
0 0.511667 0.115854 0.003333 0.002439
0 0.438333 0.110976 0.003333 0.002439
0 0.318333 0.103659 0.003333 0.002439
0 0.225000 0.076829 0.003333 0.002439
0 0.045000 0.069512 0.003333 0.002439
0 0.101667 0.064634 0.003333 0.002439
0 0.498333 0.062195 0.003333 0.002439
0 0.631667 0.059756 0.003333 0.002439
0 0.011667 0.054878 0.003333 0.002439
0 0.341667 0.040244 0.003333 0.002439
0 0.135000 0.040244 0.003333 0.002439
0 0.548333 0.030488 0.003333 0.002439
0 0.058333 0.023171 0.003333 0.002439
0 0.131667 0.008537 0.003333 0.002439
