0 0.168333 0.991463 0.003333 0.002439
0 0.535000 0.989024 0.003333 0.002439
0 0.065000 0.989024 0.003333 0.002439
0 0.275000 0.986585 0.003333 0.002439
0 0.268333 0.947561 0.003333 0.002439
0 0.218333 0.923171 0.003333 0.002439
0 0.978333 0.881707 0.003333 0.002439
0 0.661667 0.706098 0.003333 0.002439
0 0.015000 0.706098 0.003333 0.002439
0 0.528333 0.686585 0.003333 0.002439
0 0.041667 0.669512 0.003333 0.002439
0 0.261667 0.659756 0.003333 0.002439
0 0.568333 0.567073 0.003333 0.002439
0 0.455000 0.562195 0.003333 0.002439
0 0.358333 0.547561 0.003333 0.002439
0 0.038333 0.513415 0.003333 0.002439
0 0.408333 0.498780 0.003333 0.002439
0 0.361667 0.493902 0.003333 0.002439
0 0.101667 0.481707 0.003333 0.002439
0 0.291667 0.467073 0.003333 0.002439
0 0.375000 0.445122 0.003333 0.002439
0 0.511667 0.442683 0.003333 0.002439
0 0.128333 0.415854 0.003333 0.002439
0 0.681667 0.398780 0.003333 0.002439
0 0.135000 0.386585 0.003333 0.002439
0 0.338333 0.384146 0.003333 0.002439
0 0.531667 0.379268 0.003333 0.002439
0 0.571667 0.369512 0.003333 0.002439
0 0.698333 0.364634 0.003333 0.002439
0 0.248333 0.345122 0.003333 0.002439
0 0.565000 0.330488 0.003333 0.002439
0 0.301667 0.323171 0.003333 0.002439
0 0.441667 0.274390 0.003333 0.002439
0 0.255000 0.271951 0.003333 0.002439
0 0.011667 0.254878 0.003333 0.002439
0 0.468333 0.242683 0.003333 0.002439
0 0.068333 0.230488 0.003333 0.002439
0 0.321667 0.218293 0.003333 0.002439
0 0.935000 0.215854 0.003333 0.002439
0 0.581667 0.206098 0.003333 0.002439
0 0.218333 0.193902 0.003333 0.002439
0 0.018333 0.191463 0.003333 0.002439
0 0.728333 0.179268 0.003333 0.002439
0 0.308333 0.157317 0.003333 0.002439
0 0.168333 0.152439 0.003333 0.002439
0 0.661667 0.118293 0.003333 0.002439
0 0.011667 0.118293 0.003333 0.002439
0 0.028333 0.093902 0.003333 0.002439
0 0.131667 0.086585 0.003333 0.002439
0 0.141667 0.062195 0.003333 0.002439
0 0.698333 0.006098 0.003333 0.002439
