0 0.858333 0.930488 0.003333 0.002439
0 0.178333 0.901220 0.003333 0.002439
0 0.791667 0.891463 0.003333 0.002439
0 0.321667 0.801220 0.003333 0.002439
0 0.801667 0.757317 0.003333 0.002439
0 0.845000 0.703659 0.003333 0.002439
0 0.035000 0.693902 0.003333 0.002439
0 0.361667 0.669512 0.003333 0.002439
0 0.891667 0.657317 0.003333 0.002439
0 0.038333 0.650000 0.003333 0.002439
0 0.661667 0.620732 0.003333 0.002439
0 0.018333 0.581707 0.003333 0.002439
0 0.355000 0.540244 0.003333 0.002439
0 0.131667 0.491463 0.003333 0.002439
0 0.045000 0.486585 0.003333 0.002439
0 0.045000 0.442683 0.003333 0.002439
0 0.061667 0.413415 0.003333 0.002439
0 0.981667 0.396341 0.003333 0.002439
0 0.321667 0.354878 0.003333 0.002439
0 0.218333 0.352439 0.003333 0.002439
0 0.171667 0.347561 0.003333 0.002439
0 0.741667 0.332927 0.003333 0.002439
0 0.711667 0.286585 0.003333 0.002439
0 0.635000 0.254878 0.003333 0.002439
0 0.491667 0.252439 0.003333 0.002439
0 0.265000 0.242683 0.003333 0.002439
0 0.135000 0.235366 0.003333 0.002439
0 0.235000 0.220732 0.003333 0.002439
0 0.458333 0.198780 0.003333 0.002439
0 0.851667 0.167073 0.003333 0.002439
0 0.191667 0.162195 0.003333 0.002439
0 0.428333 0.137805 0.003333 0.002439
0 0.325000 0.137805 0.003333 0.002439
0 0.288333 0.132927 0.003333 0.002439
0 0.181667 0.103659 0.003333 0.002439
0 0.035000 0.086585 0.003333 0.002439
0 0.295000 0.067073 0.003333 0.002439
0 0.565000 0.064634 0.003333 0.002439
0 0.315000 0.040244 0.003333 0.002439
0 0.271667 0.037805 0.003333 0.002439
0 0.635000 0.020732 0.003333 0.002439
