0 0.665000 0.981707 0.003333 0.002439
0 0.035000 0.930488 0.003333 0.002439
0 0.968333 0.928049 0.003333 0.002439
0 0.008333 0.835366 0.003333 0.002439
0 0.261667 0.820732 0.003333 0.002439
0 0.411667 0.779268 0.003333 0.002439
0 0.148333 0.776829 0.003333 0.002439
0 0.121667 0.747561 0.003333 0.002439
0 0.715000 0.735366 0.003333 0.002439
0 0.988333 0.706098 0.003333 0.002439
0 0.058333 0.693902 0.003333 0.002439
0 0.431667 0.689024 0.003333 0.002439
0 0.018333 0.645122 0.003333 0.002439
0 0.401667 0.598780 0.003333 0.002439
0 0.578333 0.593902 0.003333 0.002439
0 0.115000 0.567073 0.003333 0.002439
0 0.015000 0.562195 0.003333 0.002439
0 0.565000 0.542683 0.003333 0.002439
0 0.431667 0.530488 0.003333 0.002439
0 0.055000 0.510976 0.003333 0.002439
0 0.431667 0.491463 0.003333 0.002439
0 0.708333 0.450000 0.003333 0.002439
0 0.011667 0.425610 0.003333 0.002439
0 0.161667 0.393902 0.003333 0.002439
0 0.355000 0.359756 0.003333 0.002439
0 0.208333 0.354878 0.003333 0.002439
0 0.521667 0.350000 0.003333 0.002439
0 0.618333 0.335366 0.003333 0.002439
0 0.331667 0.335366 0.003333 0.002439
0 0.421667 0.306098 0.003333 0.002439
0 0.325000 0.306098 0.003333 0.002439
0 0.015000 0.298780 0.003333 0.002439
0 0.068333 0.296341 0.003333 0.002439
0 0.358333 0.289024 0.003333 0.002439
0 0.165000 0.286585 0.003333 0.002439
0 0.118333 0.281707 0.003333 0.002439
0 0.341667 0.257317 0.003333 0.002439
0 0.218333 0.247561 0.003333 0.002439
0 0.018333 0.206098 0.003333 0.002439
0 0.268333 0.203659 0.003333 0.002439
0 0.131667 0.171951 0.003333 0.002439
0 0.098333 0.162195 0.003333 0.002439
0 0.235000 0.150000 0.003333 0.002439
0 0.675000 0.120732 0.003333 0.002439
0 0.445000 0.118293 0.003333 0.002439
0 0.975000 0.101220 0.003333 0.002439
0 0.208333 0.091463 0.003333 0.002439
0 0.021667 0.052439 0.003333 0.002439
0 0.941667 0.042683 0.003333 0.002439
0 0.361667 0.020732 0.003333 0.002439
0 0.955000 0.013415 0.003333 0.002439
