0 0.871667 0.910976 0.003333 0.002439
0 0.178333 0.893902 0.003333 0.002439
0 0.798333 0.881707 0.003333 0.002439
0 0.335000 0.796341 0.003333 0.002439
0 0.795000 0.762195 0.003333 0.002439
0 0.851667 0.713415 0.003333 0.002439
0 0.905000 0.676829 0.003333 0.002439
0 0.035000 0.676829 0.003333 0.002439
0 0.355000 0.657317 0.003333 0.002439
0 0.678333 0.635366 0.003333 0.002439
0 0.045000 0.635366 0.003333 0.002439
0 0.008333 0.615854 0.003333 0.002439
0 0.021667 0.591463 0.003333 0.002439
0 0.368333 0.520732 0.003333 0.002439
0 0.135000 0.496341 0.003333 0.002439
0 0.021667 0.469512 0.003333 0.002439
0 0.025000 0.428049 0.003333 0.002439
0 0.988333 0.413415 0.003333 0.002439
0 0.068333 0.403659 0.003333 0.002439
0 0.345000 0.369512 0.003333 0.002439
0 0.181667 0.350000 0.003333 0.002439
0 0.211667 0.340244 0.003333 0.002439
0 0.735000 0.298780 0.003333 0.002439
0 0.645000 0.252439 0.003333 0.002439
0 0.235000 0.250000 0.003333 0.002439
0 0.145000 0.242683 0.003333 0.002439
0 0.498333 0.230488 0.003333 0.002439
0 0.245000 0.215854 0.003333 0.002439
0 0.445000 0.191463 0.003333 0.002439
0 0.885000 0.186585 0.003333 0.002439
0 0.185000 0.152439 0.003333 0.002439
0 0.415000 0.130488 0.003333 0.002439
0 0.305000 0.125610 0.003333 0.002439
0 0.181667 0.101220 0.003333 0.002439
0 0.315000 0.079268 0.003333 0.002439
0 0.038333 0.079268 0.003333 0.002439
0 0.578333 0.069512 0.003333 0.002439
0 0.331667 0.047561 0.003333 0.002439
0 0.281667 0.045122 0.003333 0.002439
0 0.645000 0.030488 0.003333 0.002439
