0 0.121667 0.991463 0.003333 0.002439
0 0.471667 0.979268 0.003333 0.002439
0 0.341667 0.896341 0.003333 0.002439
0 0.891667 0.864634 0.003333 0.002439
0 0.415000 0.832927 0.003333 0.002439
0 0.345000 0.798780 0.003333 0.002439
0 0.901667 0.793902 0.003333 0.002439
0 0.141667 0.779268 0.003333 0.002439
0 0.985000 0.762195 0.003333 0.002439
0 0.318333 0.732927 0.003333 0.002439
0 0.408333 0.698780 0.003333 0.002439
0 0.828333 0.654878 0.003333 0.002439
0 0.021667 0.647561 0.003333 0.002439
0 0.058333 0.618293 0.003333 0.002439
0 0.268333 0.579268 0.003333 0.002439
0 0.505000 0.540244 0.003333 0.002439
0 0.418333 0.540244 0.003333 0.002439
0 0.061667 0.515854 0.003333 0.002439
0 0.288333 0.513415 0.003333 0.002439
0 0.311667 0.501220 0.003333 0.002439
0 0.575000 0.498780 0.003333 0.002439
0 0.465000 0.493902 0.003333 0.002439
0 0.921667 0.484146 0.003333 0.002439
0 0.361667 0.467073 0.003333 0.002439
0 0.748333 0.415854 0.003333 0.002439
0 0.348333 0.401220 0.003333 0.002439
0 0.358333 0.362195 0.003333 0.002439
0 0.298333 0.362195 0.003333 0.002439
0 0.018333 0.354878 0.003333 0.002439
0 0.705000 0.345122 0.003333 0.002439
0 0.145000 0.323171 0.003333 0.002439
0 0.435000 0.315854 0.003333 0.002439
0 0.265000 0.303659 0.003333 0.002439
0 0.408333 0.291463 0.003333 0.002439
0 0.521667 0.286585 0.003333 0.002439
0 0.271667 0.267073 0.003333 0.002439
0 0.551667 0.223171 0.003333 0.002439
0 0.265000 0.223171 0.003333 0.002439
0 0.838333 0.198780 0.003333 0.002439
0 0.418333 0.196341 0.003333 0.002439
0 0.178333 0.186585 0.003333 0.002439
0 0.951667 0.174390 0.003333 0.002439
0 0.911667 0.157317 0.003333 0.002439
0 0.741667 0.145122 0.003333 0.002439
0 0.098333 0.140244 0.003333 0.002439
0 0.168333 0.135366 0.003333 0.002439
0 0.045000 0.118293 0.003333 0.002439
0 0.368333 0.106098 0.003333 0.002439
0 0.141667 0.103659 0.003333 0.002439
0 0.691667 0.096341 0.003333 0.002439
0 0.955000 0.093902 0.003333 0.002439
0 0.341667 0.064634 0.003333 0.002439
0 0.298333 0.054878 0.003333 0.002439
0 0.055000 0.052439 0.003333 0.002439
0 0.781667 0.045122 0.003333 0.002439
0 0.011667 0.018293 0.003333 0.002439
0 0.861667 0.013415 0.003333 0.002439
0 0.281667 0.008537 0.003333 0.002439
