0 0.221667 0.971951 0.003333 0.002439
0 0.098333 0.915854 0.003333 0.002439
0 0.778333 0.864634 0.003333 0.002439
0 0.178333 0.823171 0.003333 0.002439
0 0.968333 0.820732 0.003333 0.002439
0 0.971667 0.786585 0.003333 0.002439
0 0.711667 0.771951 0.003333 0.002439
0 0.741667 0.752439 0.003333 0.002439
0 0.308333 0.701220 0.003333 0.002439
0 0.398333 0.669512 0.003333 0.002439
0 0.181667 0.642683 0.003333 0.002439
0 0.175000 0.596341 0.003333 0.002439
0 0.131667 0.589024 0.003333 0.002439
0 0.218333 0.571951 0.003333 0.002439
0 0.048333 0.557317 0.003333 0.002439
0 0.178333 0.493902 0.003333 0.002439
0 0.551667 0.459756 0.003333 0.002439
0 0.311667 0.454878 0.003333 0.002439
0 0.808333 0.442683 0.003333 0.002439
0 0.028333 0.423171 0.003333 0.002439
0 0.535000 0.420732 0.003333 0.002439
0 0.095000 0.289024 0.003333 0.002439
0 0.421667 0.245122 0.003333 0.002439
0 0.225000 0.237805 0.003333 0.002439
0 0.715000 0.230488 0.003333 0.002439
0 0.135000 0.230488 0.003333 0.002439
0 0.041667 0.228049 0.003333 0.002439
0 0.658333 0.215854 0.003333 0.002439
0 0.581667 0.196341 0.003333 0.002439
0 0.368333 0.162195 0.003333 0.002439
0 0.011667 0.147561 0.003333 0.002439
0 0.621667 0.118293 0.003333 0.002439
0 0.041667 0.113415 0.003333 0.002439
0 0.758333 0.108537 0.003333 0.002439
0 0.835000 0.106098 0.003333 0.002439
0 0.358333 0.106098 0.003333 0.002439
0 0.428333 0.103659 0.003333 0.002439
0 0.515000 0.081707 0.003333 0.002439
0 0.415000 0.067073 0.003333 0.002439
0 0.648333 0.052439 0.003333 0.002439
0 0.778333 0.040244 0.003333 0.002439
0 0.035000 0.023171 0.003333 0.002439
0 0.528333 0.015854 0.003333 0.002439
0 0.278333 0.015854 0.003333 0.002439
0 0.381667 0.010976 0.003333 0.002439
