0 0.521667 0.989024 0.003333 0.002439
0 0.271667 0.986585 0.003333 0.002439
0 0.068333 0.979268 0.003333 0.002439
0 0.175000 0.974390 0.003333 0.002439
0 0.255000 0.954878 0.003333 0.002439
0 0.011667 0.945122 0.003333 0.002439
0 0.205000 0.906098 0.003333 0.002439
0 0.975000 0.884146 0.003333 0.002439
0 0.658333 0.706098 0.003333 0.002439
0 0.565000 0.706098 0.003333 0.002439
0 0.018333 0.706098 0.003333 0.002439
0 0.038333 0.667073 0.003333 0.002439
0 0.008333 0.664634 0.003333 0.002439
0 0.288333 0.657317 0.003333 0.002439
0 0.575000 0.586585 0.003333 0.002439
0 0.011667 0.562195 0.003333 0.002439
0 0.441667 0.547561 0.003333 0.002439
0 0.348333 0.532927 0.003333 0.002439
0 0.125000 0.506098 0.003333 0.002439
0 0.408333 0.503659 0.003333 0.002439
0 0.048333 0.501220 0.003333 0.002439
0 0.351667 0.498780 0.003333 0.002439
0 0.518333 0.454878 0.003333 0.002439
0 0.268333 0.440244 0.003333 0.002439
0 0.398333 0.432927 0.003333 0.002439
0 0.985000 0.423171 0.003333 0.002439
0 0.151667 0.415854 0.003333 0.002439
0 0.128333 0.413415 0.003333 0.002439
0 0.558333 0.401220 0.003333 0.002439
0 0.698333 0.398780 0.003333 0.002439
0 0.358333 0.398780 0.003333 0.002439
0 0.595000 0.389024 0.003333 0.002439
0 0.725000 0.369512 0.003333 0.002439
0 0.265000 0.364634 0.003333 0.002439
0 0.565000 0.323171 0.003333 0.002439
0 0.318333 0.315854 0.003333 0.002439
0 0.475000 0.279268 0.003333 0.002439
0 0.278333 0.274390 0.003333 0.002439
0 0.038333 0.250000 0.003333 0.002439
0 0.491667 0.245122 0.003333 0.002439
0 0.088333 0.235366 0.003333 0.002439
0 0.928333 0.215854 0.003333 0.002439
0 0.311667 0.203659 0.003333 0.002439
0 0.031667 0.203659 0.003333 0.002439
0 0.578333 0.174390 0.003333 0.002439
0 0.208333 0.174390 0.003333 0.002439
0 0.321667 0.159756 0.003333 0.002439
0 0.721667 0.154878 0.003333 0.002439
0 0.171667 0.145122 0.003333 0.002439
0 0.658333 0.115854 0.003333 0.002439
0 0.035000 0.103659 0.003333 0.002439
0 0.155000 0.096341 0.003333 0.002439
0 0.011667 0.081707 0.003333 0.002439
0 0.151667 0.071951 0.003333 0.002439
0 0.131667 0.010976 0.003333 0.002439
