0 0.408333 0.969512 0.003333 0.002439
0 0.051667 0.893902 0.003333 0.002439
0 0.021667 0.874390 0.003333 0.002439
0 0.948333 0.871951 0.003333 0.002439
0 0.538333 0.867073 0.003333 0.002439
0 0.485000 0.864634 0.003333 0.002439
0 0.711667 0.823171 0.003333 0.002439
0 0.385000 0.774390 0.003333 0.002439
0 0.615000 0.764634 0.003333 0.002439
0 0.008333 0.730488 0.003333 0.002439
0 0.228333 0.698780 0.003333 0.002439
0 0.985000 0.696341 0.003333 0.002439
0 0.415000 0.681707 0.003333 0.002439
0 0.138333 0.615854 0.003333 0.002439
0 0.935000 0.613415 0.003333 0.002439
0 0.351667 0.581707 0.003333 0.002439
0 0.031667 0.550000 0.003333 0.002439
0 0.345000 0.515854 0.003333 0.002439
0 0.855000 0.481707 0.003333 0.002439
0 0.938333 0.476829 0.003333 0.002439
0 0.795000 0.467073 0.003333 0.002439
0 0.025000 0.462195 0.003333 0.002439
0 0.475000 0.396341 0.003333 0.002439
0 0.761667 0.374390 0.003333 0.002439
0 0.318333 0.345122 0.003333 0.002439
0 0.038333 0.332927 0.003333 0.002439
0 0.571667 0.308537 0.003333 0.002439
0 0.008333 0.291463 0.003333 0.002439
0 0.748333 0.286585 0.003333 0.002439
0 0.441667 0.279268 0.003333 0.002439
0 0.091667 0.276829 0.003333 0.002439
0 0.808333 0.247561 0.003333 0.002439
0 0.585000 0.237805 0.003333 0.002439
0 0.108333 0.235366 0.003333 0.002439
0 0.011667 0.235366 0.003333 0.002439
0 0.298333 0.210976 0.003333 0.002439
0 0.165000 0.193902 0.003333 0.002439
0 0.121667 0.191463 0.003333 0.002439
0 0.325000 0.189024 0.003333 0.002439
0 0.481667 0.184146 0.003333 0.002439
0 0.365000 0.179268 0.003333 0.002439
0 0.611667 0.145122 0.003333 0.002439
0 0.955000 0.140244 0.003333 0.002439
0 0.058333 0.118293 0.003333 0.002439
0 0.528333 0.110976 0.003333 0.002439
0 0.485000 0.106098 0.003333 0.002439
0 0.421667 0.096341 0.003333 0.002439
0 0.368333 0.091463 0.003333 0.002439
0 0.251667 0.081707 0.003333 0.002439
0 0.511667 0.069512 0.003333 0.002439
0 0.278333 0.059756 0.003333 0.002439
0 0.561667 0.050000 0.003333 0.002439
0 0.121667 0.050000 0.003333 0.002439
0 0.258333 0.040244 0.003333 0.002439
0 0.018333 0.028049 0.003333 0.002439
0 0.278333 0.015854 0.003333 0.002439
0 0.365000 0.013415 0.003333 0.002439
0 0.415000 0.008537 0.003333 0.002439
