0 0.501667 0.986585 0.003333 0.002439
0 0.011667 0.969512 0.003333 0.002439
0 0.348333 0.891463 0.003333 0.002439
0 0.895000 0.859756 0.003333 0.002439
0 0.415000 0.837805 0.003333 0.002439
0 0.355000 0.803659 0.003333 0.002439
0 0.891667 0.771951 0.003333 0.002439
0 0.135000 0.750000 0.003333 0.002439
0 0.958333 0.747561 0.003333 0.002439
0 0.305000 0.740244 0.003333 0.002439
0 0.388333 0.689024 0.003333 0.002439
0 0.811667 0.681707 0.003333 0.002439
0 0.015000 0.637805 0.003333 0.002439
0 0.311667 0.606098 0.003333 0.002439
0 0.055000 0.591463 0.003333 0.002439
0 0.235000 0.567073 0.003333 0.002439
0 0.511667 0.537805 0.003333 0.002439
0 0.388333 0.523171 0.003333 0.002439
0 0.288333 0.508537 0.003333 0.002439
0 0.478333 0.503659 0.003333 0.002439
0 0.575000 0.501220 0.003333 0.002439
0 0.045000 0.496341 0.003333 0.002439
0 0.898333 0.489024 0.003333 0.002439
0 0.325000 0.454878 0.003333 0.002439
0 0.711667 0.423171 0.003333 0.002439
0 0.328333 0.386585 0.003333 0.002439
0 0.368333 0.381707 0.003333 0.002439
0 0.691667 0.352439 0.003333 0.002439
0 0.281667 0.347561 0.003333 0.002439
0 0.438333 0.306098 0.003333 0.002439
0 0.278333 0.301220 0.003333 0.002439
0 0.115000 0.298780 0.003333 0.002439
0 0.235000 0.286585 0.003333 0.002439
0 0.485000 0.264634 0.003333 0.002439
0 0.378333 0.254878 0.003333 0.002439
0 0.278333 0.242683 0.003333 0.002439
0 0.278333 0.210976 0.003333 0.002439
0 0.821667 0.208537 0.003333 0.002439
0 0.168333 0.206098 0.003333 0.002439
0 0.401667 0.198780 0.003333 0.002439
0 0.535000 0.196341 0.003333 0.002439
0 0.911667 0.186585 0.003333 0.002439
0 0.955000 0.179268 0.003333 0.002439
0 0.725000 0.164634 0.003333 0.002439
0 0.071667 0.145122 0.003333 0.002439
0 0.178333 0.140244 0.003333 0.002439
0 0.121667 0.140244 0.003333 0.002439
0 0.955000 0.132927 0.003333 0.002439
0 0.015000 0.125610 0.003333 0.002439
0 0.398333 0.123171 0.003333 0.002439
0 0.648333 0.098780 0.003333 0.002439
0 0.148333 0.098780 0.003333 0.002439
0 0.348333 0.096341 0.003333 0.002439
0 0.278333 0.086585 0.003333 0.002439
0 0.348333 0.067073 0.003333 0.002439
0 0.755000 0.057317 0.003333 0.002439
0 0.058333 0.040244 0.003333 0.002439
0 0.975000 0.032927 0.003333 0.002439
0 0.011667 0.028049 0.003333 0.002439
0 0.871667 0.015854 0.003333 0.002439
