0 0.955000 0.950000 0.003333 0.002439
0 0.211667 0.913415 0.003333 0.002439
0 0.778333 0.867073 0.003333 0.002439
0 0.018333 0.857317 0.003333 0.002439
0 0.075000 0.820732 0.003333 0.002439
0 0.015000 0.815854 0.003333 0.002439
0 0.985000 0.764634 0.003333 0.002439
0 0.028333 0.740244 0.003333 0.002439
0 0.125000 0.718293 0.003333 0.002439
0 0.415000 0.684146 0.003333 0.002439
0 0.581667 0.664634 0.003333 0.002439
0 0.018333 0.652439 0.003333 0.002439
0 0.651667 0.637805 0.003333 0.002439
0 0.188333 0.637805 0.003333 0.002439
0 0.298333 0.571951 0.003333 0.002439
0 0.441667 0.569512 0.003333 0.002439
0 0.148333 0.567073 0.003333 0.002439
0 0.841667 0.547561 0.003333 0.002439
0 0.181667 0.542683 0.003333 0.002439
0 0.031667 0.481707 0.003333 0.002439
0 0.171667 0.479268 0.003333 0.002439
0 0.691667 0.420732 0.003333 0.002439
0 0.011667 0.386585 0.003333 0.002439
0 0.691667 0.379268 0.003333 0.002439
0 0.478333 0.357317 0.003333 0.002439
0 0.591667 0.315854 0.003333 0.002439
0 0.295000 0.310976 0.003333 0.002439
0 0.348333 0.308537 0.003333 0.002439
0 0.095000 0.284146 0.003333 0.002439
0 0.575000 0.281707 0.003333 0.002439
0 0.795000 0.271951 0.003333 0.002439
0 0.768333 0.220732 0.003333 0.002439
0 0.635000 0.220732 0.003333 0.002439
0 0.158333 0.162195 0.003333 0.002439
0 0.058333 0.147561 0.003333 0.002439
0 0.951667 0.137805 0.003333 0.002439
0 0.121667 0.130488 0.003333 0.002439
0 0.348333 0.103659 0.003333 0.002439
0 0.938333 0.089024 0.003333 0.002439
0 0.881667 0.086585 0.003333 0.002439
0 0.051667 0.067073 0.003333 0.002439
0 0.985000 0.064634 0.003333 0.002439
0 0.338333 0.035366 0.003333 0.002439
0 0.455000 0.028049 0.003333 0.002439
0 0.891667 0.023171 0.003333 0.002439
0 0.105000 0.020732 0.003333 0.002439
0 0.941667 0.018293 0.003333 0.002439
