0 0.905000 0.967073 0.003333 0.002439
0 0.171667 0.935366 0.003333 0.002439
0 0.125000 0.930488 0.003333 0.002439
0 0.775000 0.886585 0.003333 0.002439
0 0.245000 0.876829 0.003333 0.002439
0 0.181667 0.842683 0.003333 0.002439
0 0.468333 0.767073 0.003333 0.002439
0 0.045000 0.737805 0.003333 0.002439
0 0.518333 0.669512 0.003333 0.002439
0 0.905000 0.659756 0.003333 0.002439
0 0.851667 0.650000 0.003333 0.002439
0 0.028333 0.640244 0.003333 0.002439
0 0.125000 0.593902 0.003333 0.002439
0 0.178333 0.559756 0.003333 0.002439
0 0.725000 0.530488 0.003333 0.002439
0 0.268333 0.528049 0.003333 0.002439
0 0.145000 0.520732 0.003333 0.002439
0 0.485000 0.513415 0.003333 0.002439
0 0.098333 0.498780 0.003333 0.002439
0 0.205000 0.489024 0.003333 0.002439
0 0.351667 0.479268 0.003333 0.002439
0 0.558333 0.469512 0.003333 0.002439
0 0.231667 0.440244 0.003333 0.002439
0 0.021667 0.437805 0.003333 0.002439
0 0.295000 0.425610 0.003333 0.002439
0 0.488333 0.423171 0.003333 0.002439
0 0.805000 0.413415 0.003333 0.002439
0 0.781667 0.386585 0.003333 0.002439
0 0.031667 0.345122 0.003333 0.002439
0 0.178333 0.340244 0.003333 0.002439
0 0.128333 0.335366 0.003333 0.002439
0 0.008333 0.320732 0.003333 0.002439
0 0.171667 0.308537 0.003333 0.002439
0 0.731667 0.303659 0.003333 0.002439
0 0.438333 0.284146 0.003333 0.002439
0 0.025000 0.279268 0.003333 0.002439
0 0.528333 0.250000 0.003333 0.002439
0 0.851667 0.237805 0.003333 0.002439
0 0.295000 0.235366 0.003333 0.002439
0 0.108333 0.235366 0.003333 0.002439
0 0.011667 0.181707 0.003333 0.002439
0 0.025000 0.150000 0.003333 0.002439
0 0.191667 0.145122 0.003333 0.002439
0 0.105000 0.123171 0.003333 0.002439
0 0.311667 0.101220 0.003333 0.002439
0 0.021667 0.096341 0.003333 0.002439
0 0.111667 0.084146 0.003333 0.002439
0 0.291667 0.071951 0.003333 0.002439
0 0.021667 0.069512 0.003333 0.002439
0 0.128333 0.008537 0.003333 0.002439
