0 0.378333 0.993902 0.003333 0.002439
0 0.361667 0.964634 0.003333 0.002439
0 0.268333 0.950000 0.003333 0.002439
0 0.125000 0.925610 0.003333 0.002439
0 0.788333 0.913415 0.003333 0.002439
0 0.165000 0.896341 0.003333 0.002439
0 0.095000 0.774390 0.003333 0.002439
0 0.381667 0.764634 0.003333 0.002439
0 0.271667 0.759756 0.003333 0.002439
0 0.358333 0.715854 0.003333 0.002439
0 0.628333 0.696341 0.003333 0.002439
0 0.568333 0.693902 0.003333 0.002439
0 0.495000 0.691463 0.003333 0.002439
0 0.088333 0.654878 0.003333 0.002439
0 0.121667 0.652439 0.003333 0.002439
0 0.561667 0.628049 0.003333 0.002439
0 0.075000 0.579268 0.003333 0.002439
0 0.601667 0.552439 0.003333 0.002439
0 0.495000 0.503659 0.003333 0.002439
0 0.138333 0.496341 0.003333 0.002439
0 0.495000 0.464634 0.003333 0.002439
0 0.371667 0.459756 0.003333 0.002439
0 0.261667 0.447561 0.003333 0.002439
0 0.218333 0.447561 0.003333 0.002439
0 0.821667 0.435366 0.003333 0.002439
0 0.665000 0.423171 0.003333 0.002439
0 0.275000 0.410976 0.003333 0.002439
0 0.175000 0.408537 0.003333 0.002439
0 0.401667 0.371951 0.003333 0.002439
0 0.575000 0.352439 0.003333 0.002439
0 0.505000 0.301220 0.003333 0.002439
0 0.575000 0.298780 0.003333 0.002439
0 0.148333 0.274390 0.003333 0.002439
0 0.225000 0.264634 0.003333 0.002439
0 0.331667 0.237805 0.003333 0.002439
0 0.738333 0.220732 0.003333 0.002439
0 0.025000 0.210976 0.003333 0.002439
0 0.495000 0.206098 0.003333 0.002439
0 0.801667 0.201220 0.003333 0.002439
0 0.008333 0.169512 0.003333 0.002439
0 0.898333 0.162195 0.003333 0.002439
0 0.071667 0.157317 0.003333 0.002439
0 0.455000 0.152439 0.003333 0.002439
0 0.335000 0.145122 0.003333 0.002439
0 0.291667 0.140244 0.003333 0.002439
0 0.111667 0.140244 0.003333 0.002439
0 0.075000 0.113415 0.003333 0.002439
0 0.345000 0.110976 0.003333 0.002439
0 0.901667 0.101220 0.003333 0.002439
0 0.788333 0.089024 0.003333 0.002439
0 0.351667 0.084146 0.003333 0.002439
0 0.278333 0.054878 0.003333 0.002439
0 0.658333 0.047561 0.003333 0.002439
0 0.165000 0.028049 0.003333 0.002439
0 0.715000 0.020732 0.003333 0.002439
0 0.625000 0.020732 0.003333 0.002439
0 0.421667 0.018293 0.003333 0.002439
0 0.061667 0.010976 0.003333 0.002439
