0 0.625000 0.986585 0.003333 0.002439
0 0.988333 0.918293 0.003333 0.002439
0 0.051667 0.901220 0.003333 0.002439
0 0.285000 0.845122 0.003333 0.002439
0 0.108333 0.754878 0.003333 0.002439
0 0.701667 0.720732 0.003333 0.002439
0 0.031667 0.713415 0.003333 0.002439
0 0.361667 0.671951 0.003333 0.002439
0 0.068333 0.642683 0.003333 0.002439
0 0.415000 0.637805 0.003333 0.002439
0 0.008333 0.635366 0.003333 0.002439
0 0.078333 0.598780 0.003333 0.002439
0 0.458333 0.584146 0.003333 0.002439
0 0.401667 0.584146 0.003333 0.002439
0 0.098333 0.569512 0.003333 0.002439
0 0.425000 0.501220 0.003333 0.002439
0 0.035000 0.493902 0.003333 0.002439
0 0.555000 0.481707 0.003333 0.002439
0 0.598333 0.459756 0.003333 0.002439
0 0.528333 0.420732 0.003333 0.002439
0 0.405000 0.386585 0.003333 0.002439
0 0.238333 0.386585 0.003333 0.002439
0 0.011667 0.369512 0.003333 0.002439
0 0.731667 0.359756 0.003333 0.002439
0 0.615000 0.342683 0.003333 0.002439
0 0.155000 0.340244 0.003333 0.002439
0 0.421667 0.335366 0.003333 0.002439
0 0.521667 0.315854 0.003333 0.002439
0 0.188333 0.310976 0.003333 0.002439
0 0.425000 0.291463 0.003333 0.002439
0 0.105000 0.279268 0.003333 0.002439
0 0.065000 0.274390 0.003333 0.002439
0 0.238333 0.271951 0.003333 0.002439
0 0.198333 0.259756 0.003333 0.002439
0 0.008333 0.257317 0.003333 0.002439
0 0.361667 0.247561 0.003333 0.002439
0 0.051667 0.242683 0.003333 0.002439
0 0.088333 0.228049 0.003333 0.002439
0 0.351667 0.215854 0.003333 0.002439
0 0.198333 0.159756 0.003333 0.002439
0 0.961667 0.145122 0.003333 0.002439
0 0.405000 0.137805 0.003333 0.002439
0 0.008333 0.128049 0.003333 0.002439
0 0.671667 0.120732 0.003333 0.002439
0 0.261667 0.091463 0.003333 0.002439
0 0.015000 0.091463 0.003333 0.002439
0 0.725000 0.074390 0.003333 0.002439
0 0.191667 0.054878 0.003333 0.002439
0 0.988333 0.030488 0.003333 0.002439
0 0.025000 0.028049 0.003333 0.002439
0 0.401667 0.018293 0.003333 0.002439
