0 0.645000 0.989024 0.003333 0.002439
0 0.981667 0.920732 0.003333 0.002439
0 0.051667 0.910976 0.003333 0.002439
0 0.285000 0.837805 0.003333 0.002439
0 0.125000 0.769512 0.003333 0.002439
0 0.701667 0.728049 0.003333 0.002439
0 0.041667 0.710976 0.003333 0.002439
0 0.381667 0.708537 0.003333 0.002439
0 0.415000 0.650000 0.003333 0.002439
0 0.025000 0.625610 0.003333 0.002439
0 0.401667 0.589024 0.003333 0.002439
0 0.061667 0.581707 0.003333 0.002439
0 0.451667 0.569512 0.003333 0.002439
0 0.105000 0.569512 0.003333 0.002439
0 0.595000 0.508537 0.003333 0.002439
0 0.558333 0.501220 0.003333 0.002439
0 0.435000 0.501220 0.003333 0.002439
0 0.045000 0.498780 0.003333 0.002439
0 0.518333 0.398780 0.003333 0.002439
0 0.728333 0.391463 0.003333 0.002439
0 0.221667 0.374390 0.003333 0.002439
0 0.395000 0.371951 0.003333 0.002439
0 0.158333 0.352439 0.003333 0.002439
0 0.621667 0.340244 0.003333 0.002439
0 0.375000 0.340244 0.003333 0.002439
0 0.381667 0.318293 0.003333 0.002439
0 0.481667 0.310976 0.003333 0.002439
0 0.171667 0.303659 0.003333 0.002439
0 0.405000 0.291463 0.003333 0.002439
0 0.088333 0.286585 0.003333 0.002439
0 0.191667 0.279268 0.003333 0.002439
0 0.038333 0.276829 0.003333 0.002439
0 0.238333 0.269512 0.003333 0.002439
0 0.348333 0.242683 0.003333 0.002439
0 0.028333 0.235366 0.003333 0.002439
0 0.058333 0.218293 0.003333 0.002439
0 0.325000 0.210976 0.003333 0.002439
0 0.178333 0.164634 0.003333 0.002439
0 0.968333 0.135366 0.003333 0.002439
0 0.408333 0.125610 0.003333 0.002439
0 0.678333 0.123171 0.003333 0.002439
0 0.008333 0.123171 0.003333 0.002439
0 0.261667 0.120732 0.003333 0.002439
0 0.038333 0.106098 0.003333 0.002439
0 0.705000 0.096341 0.003333 0.002439
0 0.195000 0.067073 0.003333 0.002439
0 0.028333 0.037805 0.003333 0.002439
0 0.971667 0.035366 0.003333 0.002439
0 0.391667 0.028049 0.003333 0.002439
0 0.361667 0.008537 0.003333 0.002439
