0 0.391667 0.952439 0.003333 0.002439
0 0.991667 0.940244 0.003333 0.002439
0 0.025000 0.881707 0.003333 0.002439
0 0.051667 0.876829 0.003333 0.002439
0 0.948333 0.874390 0.003333 0.002439
0 0.481667 0.874390 0.003333 0.002439
0 0.511667 0.840244 0.003333 0.002439
0 0.711667 0.808537 0.003333 0.002439
0 0.371667 0.791463 0.003333 0.002439
0 0.625000 0.754878 0.003333 0.002439
0 0.975000 0.723171 0.003333 0.002439
0 0.218333 0.713415 0.003333 0.002439
0 0.011667 0.713415 0.003333 0.002439
0 0.405000 0.703659 0.003333 0.002439
0 0.901667 0.632927 0.003333 0.002439
0 0.121667 0.598780 0.003333 0.002439
0 0.325000 0.584146 0.003333 0.002439
0 0.331667 0.559756 0.003333 0.002439
0 0.035000 0.535366 0.003333 0.002439
0 0.931667 0.501220 0.003333 0.002439
0 0.871667 0.501220 0.003333 0.002439
0 0.775000 0.481707 0.003333 0.002439
0 0.041667 0.459756 0.003333 0.002439
0 0.471667 0.371951 0.003333 0.002439
0 0.761667 0.362195 0.003333 0.002439
0 0.311667 0.342683 0.003333 0.002439
0 0.048333 0.340244 0.003333 0.002439
0 0.438333 0.298780 0.003333 0.002439
0 0.575000 0.293902 0.003333 0.002439
0 0.738333 0.286585 0.003333 0.002439
0 0.425000 0.269512 0.003333 0.002439
0 0.791667 0.252439 0.003333 0.002439
0 0.071667 0.252439 0.003333 0.002439
0 0.565000 0.237805 0.003333 0.002439
0 0.011667 0.235366 0.003333 0.002439
0 0.301667 0.232927 0.003333 0.002439
0 0.091667 0.210976 0.003333 0.002439
0 0.328333 0.191463 0.003333 0.002439
0 0.365000 0.186585 0.003333 0.002439
0 0.951667 0.181707 0.003333 0.002439
0 0.115000 0.171951 0.003333 0.002439
0 0.601667 0.167073 0.003333 0.002439
0 0.461667 0.164634 0.003333 0.002439
0 0.978333 0.137805 0.003333 0.002439
0 0.068333 0.130488 0.003333 0.002439
0 0.535000 0.118293 0.003333 0.002439
0 0.425000 0.106098 0.003333 0.002439
0 0.478333 0.098780 0.003333 0.002439
0 0.375000 0.093902 0.003333 0.002439
0 0.521667 0.081707 0.003333 0.002439
0 0.235000 0.079268 0.003333 0.002439
0 0.571667 0.069512 0.003333 0.002439
0 0.265000 0.054878 0.003333 0.002439
0 0.108333 0.040244 0.003333 0.002439
0 0.271667 0.023171 0.003333 0.002439
0 0.388333 0.018293 0.003333 0.002439
0 0.435000 0.013415 0.003333 0.002439
0 0.021667 0.010976 0.003333 0.002439
