0 0.548333 0.991463 0.003333 0.002439
0 0.068333 0.979268 0.003333 0.002439
0 0.281667 0.971951 0.003333 0.002439
0 0.301667 0.925610 0.003333 0.002439
0 0.025000 0.901220 0.003333 0.002439
0 0.988333 0.889024 0.003333 0.002439
0 0.031667 0.723171 0.003333 0.002439
0 0.675000 0.706098 0.003333 0.002439
0 0.201667 0.659756 0.003333 0.002439
0 0.061667 0.654878 0.003333 0.002439
0 0.011667 0.652439 0.003333 0.002439
0 0.478333 0.642683 0.003333 0.002439
0 0.021667 0.603659 0.003333 0.002439
0 0.455000 0.591463 0.003333 0.002439
0 0.378333 0.571951 0.003333 0.002439
0 0.008333 0.545122 0.003333 0.002439
0 0.561667 0.535366 0.003333 0.002439
0 0.311667 0.518293 0.003333 0.002439
0 0.385000 0.496341 0.003333 0.002439
0 0.408333 0.467073 0.003333 0.002439
0 0.341667 0.457317 0.003333 0.002439
0 0.058333 0.450000 0.003333 0.002439
0 0.098333 0.445122 0.003333 0.002439
0 0.641667 0.406098 0.003333 0.002439
0 0.488333 0.403659 0.003333 0.002439
0 0.308333 0.364634 0.003333 0.002439
0 0.128333 0.357317 0.003333 0.002439
0 0.655000 0.352439 0.003333 0.002439
0 0.495000 0.347561 0.003333 0.002439
0 0.581667 0.335366 0.003333 0.002439
0 0.515000 0.330488 0.003333 0.002439
0 0.195000 0.313415 0.003333 0.002439
0 0.255000 0.308537 0.003333 0.002439
0 0.595000 0.279268 0.003333 0.002439
0 0.411667 0.269512 0.003333 0.002439
0 0.188333 0.264634 0.003333 0.002439
0 0.118333 0.242683 0.003333 0.002439
0 0.418333 0.232927 0.003333 0.002439
0 0.225000 0.228049 0.003333 0.002439
0 0.028333 0.220732 0.003333 0.002439
0 0.731667 0.218293 0.003333 0.002439
0 0.338333 0.213415 0.003333 0.002439
0 0.958333 0.196341 0.003333 0.002439
0 0.165000 0.184146 0.003333 0.002439
0 0.015000 0.179268 0.003333 0.002439
0 0.285000 0.154878 0.003333 0.002439
0 0.011667 0.132927 0.003333 0.002439
0 0.665000 0.115854 0.003333 0.002439
0 0.065000 0.050000 0.003333 0.002439
0 0.105000 0.045122 0.003333 0.002439
0 0.591667 0.015854 0.003333 0.002439
0 0.138333 0.015854 0.003333 0.002439
