0 0.658333 0.981707 0.003333 0.002439
0 0.978333 0.920732 0.003333 0.002439
0 0.041667 0.920732 0.003333 0.002439
0 0.275000 0.828049 0.003333 0.002439
0 0.131667 0.774390 0.003333 0.002439
0 0.401667 0.745122 0.003333 0.002439
0 0.121667 0.745122 0.003333 0.002439
0 0.711667 0.728049 0.003333 0.002439
0 0.051667 0.703659 0.003333 0.002439
0 0.425000 0.671951 0.003333 0.002439
0 0.018333 0.608537 0.003333 0.002439
0 0.398333 0.591463 0.003333 0.002439
0 0.041667 0.569512 0.003333 0.002439
0 0.115000 0.567073 0.003333 0.002439
0 0.585000 0.552439 0.003333 0.002439
0 0.438333 0.547561 0.003333 0.002439
0 0.568333 0.520732 0.003333 0.002439
0 0.051667 0.501220 0.003333 0.002439
0 0.428333 0.496341 0.003333 0.002439
0 0.721667 0.418293 0.003333 0.002439
0 0.161667 0.374390 0.003333 0.002439
0 0.511667 0.371951 0.003333 0.002439
0 0.215000 0.367073 0.003333 0.002439
0 0.371667 0.364634 0.003333 0.002439
0 0.615000 0.337805 0.003333 0.002439
0 0.345000 0.335366 0.003333 0.002439
0 0.345000 0.310976 0.003333 0.002439
0 0.448333 0.303659 0.003333 0.002439
0 0.138333 0.291463 0.003333 0.002439
0 0.075000 0.291463 0.003333 0.002439
0 0.371667 0.289024 0.003333 0.002439
0 0.178333 0.289024 0.003333 0.002439
0 0.028333 0.284146 0.003333 0.002439
0 0.231667 0.262195 0.003333 0.002439
0 0.338333 0.247561 0.003333 0.002439
0 0.015000 0.218293 0.003333 0.002439
0 0.291667 0.208537 0.003333 0.002439
0 0.145000 0.167073 0.003333 0.002439
0 0.251667 0.137805 0.003333 0.002439
0 0.068333 0.125610 0.003333 0.002439
0 0.688333 0.120732 0.003333 0.002439
0 0.428333 0.120732 0.003333 0.002439
0 0.975000 0.113415 0.003333 0.002439
0 0.198333 0.079268 0.003333 0.002439
0 0.028333 0.045122 0.003333 0.002439
0 0.958333 0.035366 0.003333 0.002439
0 0.371667 0.020732 0.003333 0.002439
