0 0.541667 0.989024 0.003333 0.002439
0 0.065000 0.976829 0.003333 0.002439
0 0.255000 0.950000 0.003333 0.002439
0 0.295000 0.937805 0.003333 0.002439
0 0.025000 0.713415 0.003333 0.002439
0 0.671667 0.706098 0.003333 0.002439
0 0.048333 0.662195 0.003333 0.002439
0 0.011667 0.662195 0.003333 0.002439
0 0.505000 0.659756 0.003333 0.002439
0 0.231667 0.659756 0.003333 0.002439
0 0.451667 0.576829 0.003333 0.002439
0 0.375000 0.562195 0.003333 0.002439
0 0.565000 0.552439 0.003333 0.002439
0 0.018333 0.528049 0.003333 0.002439
0 0.368333 0.493902 0.003333 0.002439
0 0.301667 0.493902 0.003333 0.002439
0 0.401667 0.484146 0.003333 0.002439
0 0.075000 0.464634 0.003333 0.002439
0 0.371667 0.454878 0.003333 0.002439
0 0.498333 0.425610 0.003333 0.002439
0 0.108333 0.425610 0.003333 0.002439
0 0.665000 0.398780 0.003333 0.002439
0 0.325000 0.371951 0.003333 0.002439
0 0.131667 0.371951 0.003333 0.002439
0 0.508333 0.364634 0.003333 0.002439
0 0.678333 0.357317 0.003333 0.002439
0 0.545000 0.350000 0.003333 0.002439
0 0.575000 0.335366 0.003333 0.002439
0 0.221667 0.325610 0.003333 0.002439
0 0.278333 0.320732 0.003333 0.002439
0 0.425000 0.271951 0.003333 0.002439
0 0.221667 0.269512 0.003333 0.002439
0 0.015000 0.259756 0.003333 0.002439
0 0.591667 0.245122 0.003333 0.002439
0 0.441667 0.242683 0.003333 0.002439
0 0.121667 0.242683 0.003333 0.002439
0 0.045000 0.225610 0.003333 0.002439
0 0.335000 0.220732 0.003333 0.002439
0 0.228333 0.213415 0.003333 0.002439
0 0.951667 0.208537 0.003333 0.002439
0 0.731667 0.206098 0.003333 0.002439
0 0.018333 0.176829 0.003333 0.002439
0 0.168333 0.167073 0.003333 0.002439
0 0.301667 0.154878 0.003333 0.002439
0 0.011667 0.132927 0.003333 0.002439
0 0.661667 0.118293 0.003333 0.002439
0 0.015000 0.091463 0.003333 0.002439
0 0.101667 0.067073 0.003333 0.002439
0 0.135000 0.008537 0.003333 0.002439
0 0.648333 0.006098 0.003333 0.002439
