0 0.961667 0.993902 0.003333 0.002439
0 0.008333 0.964634 0.003333 0.002439
0 0.225000 0.957317 0.003333 0.002439
0 0.098333 0.891463 0.003333 0.002439
0 0.775000 0.862195 0.003333 0.002439
0 0.981667 0.835366 0.003333 0.002439
0 0.168333 0.798780 0.003333 0.002439
0 0.985000 0.793902 0.003333 0.002439
0 0.011667 0.791463 0.003333 0.002439
0 0.735000 0.752439 0.003333 0.002439
0 0.685000 0.752439 0.003333 0.002439
0 0.285000 0.681707 0.003333 0.002439
0 0.405000 0.676829 0.003333 0.002439
0 0.191667 0.632927 0.003333 0.002439
0 0.145000 0.586585 0.003333 0.002439
0 0.245000 0.574390 0.003333 0.002439
0 0.181667 0.571951 0.003333 0.002439
0 0.058333 0.530488 0.003333 0.002439
0 0.198333 0.493902 0.003333 0.002439
0 0.345000 0.479268 0.003333 0.002439
0 0.825000 0.469512 0.003333 0.002439
0 0.588333 0.447561 0.003333 0.002439
0 0.558333 0.393902 0.003333 0.002439
0 0.098333 0.279268 0.003333 0.002439
0 0.668333 0.259756 0.003333 0.002439
0 0.441667 0.259756 0.003333 0.002439
0 0.241667 0.237805 0.003333 0.002439
0 0.721667 0.223171 0.003333 0.002439
0 0.125000 0.215854 0.003333 0.002439
0 0.578333 0.208537 0.003333 0.002439
0 0.061667 0.203659 0.003333 0.002439
0 0.368333 0.179268 0.003333 0.002439
0 0.658333 0.147561 0.003333 0.002439
0 0.025000 0.147561 0.003333 0.002439
0 0.018333 0.115854 0.003333 0.002439
0 0.798333 0.110976 0.003333 0.002439
0 0.531667 0.106098 0.003333 0.002439
0 0.421667 0.091463 0.003333 0.002439
0 0.365000 0.091463 0.003333 0.002439
0 0.851667 0.086585 0.003333 0.002439
0 0.745000 0.071951 0.003333 0.002439
0 0.411667 0.059756 0.003333 0.002439
0 0.695000 0.054878 0.003333 0.002439
0 0.818333 0.045122 0.003333 0.002439
0 0.051667 0.018293 0.003333 0.002439
0 0.558333 0.013415 0.003333 0.002439
