0 0.438333 0.996341 0.003333 0.002439
0 0.578333 0.920732 0.003333 0.002439
0 0.058333 0.918293 0.003333 0.002439
0 0.468333 0.871951 0.003333 0.002439
0 0.938333 0.862195 0.003333 0.002439
0 0.011667 0.857317 0.003333 0.002439
0 0.695000 0.852439 0.003333 0.002439
0 0.035000 0.801220 0.003333 0.002439
0 0.591667 0.784146 0.003333 0.002439
0 0.285000 0.691463 0.003333 0.002439
0 0.398333 0.676829 0.003333 0.002439
0 0.178333 0.659756 0.003333 0.002439
0 0.441667 0.620732 0.003333 0.002439
0 0.311667 0.606098 0.003333 0.002439
0 0.898333 0.589024 0.003333 0.002439
0 0.028333 0.574390 0.003333 0.002439
0 0.408333 0.569512 0.003333 0.002439
0 0.038333 0.523171 0.003333 0.002439
0 0.491667 0.489024 0.003333 0.002439
0 0.065000 0.486585 0.003333 0.002439
0 0.835000 0.459756 0.003333 0.002439
0 0.768333 0.450000 0.003333 0.002439
0 0.825000 0.420732 0.003333 0.002439
0 0.948333 0.391463 0.003333 0.002439
0 0.035000 0.381707 0.003333 0.002439
0 0.395000 0.376829 0.003333 0.002439
0 0.585000 0.374390 0.003333 0.002439
0 0.341667 0.359756 0.003333 0.002439
0 0.011667 0.335366 0.003333 0.002439
0 0.461667 0.308537 0.003333 0.002439
0 0.011667 0.303659 0.003333 0.002439
0 0.165000 0.296341 0.003333 0.002439
0 0.175000 0.254878 0.003333 0.002439
0 0.788333 0.242683 0.003333 0.002439
0 0.625000 0.230488 0.003333 0.002439
0 0.855000 0.228049 0.003333 0.002439
0 0.501667 0.225610 0.003333 0.002439
0 0.048333 0.225610 0.003333 0.002439
0 0.178333 0.223171 0.003333 0.002439
0 0.018333 0.198780 0.003333 0.002439
0 0.458333 0.193902 0.003333 0.002439
0 0.328333 0.181707 0.003333 0.002439
0 0.501667 0.154878 0.003333 0.002439
0 0.351667 0.154878 0.003333 0.002439
0 0.305000 0.150000 0.003333 0.002439
0 0.018333 0.132927 0.003333 0.002439
0 0.501667 0.113415 0.003333 0.002439
0 0.321667 0.113415 0.003333 0.002439
0 0.021667 0.098780 0.003333 0.002439
0 0.255000 0.093902 0.003333 0.002439
0 0.165000 0.091463 0.003333 0.002439
0 0.381667 0.079268 0.003333 0.002439
0 0.675000 0.071951 0.003333 0.002439
0 0.035000 0.069512 0.003333 0.002439
0 0.935000 0.067073 0.003333 0.002439
0 0.491667 0.057317 0.003333 0.002439
0 0.325000 0.035366 0.003333 0.002439
0 0.528333 0.010976 0.003333 0.002439
