0 0.235000 0.993902 0.003333 0.002439
0 0.095000 0.967073 0.003333 0.002439
0 0.188333 0.850000 0.003333 0.002439
0 0.761667 0.828049 0.003333 0.002439
0 0.928333 0.808537 0.003333 0.002439
0 0.941667 0.779268 0.003333 0.002439
0 0.341667 0.740244 0.003333 0.002439
0 0.738333 0.732927 0.003333 0.002439
0 0.148333 0.650000 0.003333 0.002439
0 0.388333 0.647561 0.003333 0.002439
0 0.148333 0.620732 0.003333 0.002439
0 0.025000 0.606098 0.003333 0.002439
0 0.115000 0.593902 0.003333 0.002439
0 0.165000 0.581707 0.003333 0.002439
0 0.165000 0.491463 0.003333 0.002439
0 0.485000 0.450000 0.003333 0.002439
0 0.255000 0.420732 0.003333 0.002439
0 0.801667 0.398780 0.003333 0.002439
0 0.068333 0.364634 0.003333 0.002439
0 0.091667 0.320732 0.003333 0.002439
0 0.991667 0.269512 0.003333 0.002439
0 0.015000 0.257317 0.003333 0.002439
0 0.175000 0.254878 0.003333 0.002439
0 0.228333 0.245122 0.003333 0.002439
0 0.678333 0.237805 0.003333 0.002439
0 0.375000 0.223171 0.003333 0.002439
0 0.558333 0.191463 0.003333 0.002439
0 0.798333 0.171951 0.003333 0.002439
0 0.645000 0.159756 0.003333 0.002439
0 0.388333 0.142683 0.003333 0.002439
0 0.341667 0.130488 0.003333 0.002439
0 0.091667 0.120732 0.003333 0.002439
0 0.425000 0.113415 0.003333 0.002439
0 0.715000 0.093902 0.003333 0.002439
0 0.398333 0.086585 0.003333 0.002439
0 0.295000 0.064634 0.003333 0.002439
0 0.478333 0.059756 0.003333 0.002439
0 0.541667 0.047561 0.003333 0.002439
0 0.015000 0.035366 0.003333 0.002439
0 0.335000 0.025610 0.003333 0.002439
0 0.675000 0.018293 0.003333 0.002439
0 0.441667 0.015854 0.003333 0.002439
0 0.075000 0.013415 0.003333 0.002439
