0 0.095000 0.981707 0.003333 0.002439
0 0.195000 0.857317 0.003333 0.002439
0 0.765000 0.815854 0.003333 0.002439
0 0.915000 0.813415 0.003333 0.002439
0 0.918333 0.776829 0.003333 0.002439
0 0.345000 0.752439 0.003333 0.002439
0 0.988333 0.742683 0.003333 0.002439
0 0.728333 0.718293 0.003333 0.002439
0 0.131667 0.645122 0.003333 0.002439
0 0.378333 0.640244 0.003333 0.002439
0 0.135000 0.623171 0.003333 0.002439
0 0.018333 0.615854 0.003333 0.002439
0 0.101667 0.596341 0.003333 0.002439
0 0.141667 0.593902 0.003333 0.002439
0 0.161667 0.493902 0.003333 0.002439
0 0.455000 0.445122 0.003333 0.002439
0 0.225000 0.401220 0.003333 0.002439
0 0.788333 0.376829 0.003333 0.002439
0 0.088333 0.332927 0.003333 0.002439
0 0.181667 0.264634 0.003333 0.002439
0 0.215000 0.250000 0.003333 0.002439
0 0.985000 0.247561 0.003333 0.002439
0 0.678333 0.240244 0.003333 0.002439
0 0.348333 0.215854 0.003333 0.002439
0 0.785000 0.206098 0.003333 0.002439
0 0.548333 0.196341 0.003333 0.002439
0 0.395000 0.142683 0.003333 0.002439
0 0.628333 0.132927 0.003333 0.002439
0 0.135000 0.128049 0.003333 0.002439
0 0.345000 0.123171 0.003333 0.002439
0 0.421667 0.118293 0.003333 0.002439
0 0.395000 0.091463 0.003333 0.002439
0 0.701667 0.086585 0.003333 0.002439
0 0.305000 0.084146 0.003333 0.002439
0 0.451667 0.054878 0.003333 0.002439
0 0.011667 0.042683 0.003333 0.002439
0 0.511667 0.025610 0.003333 0.002439
0 0.328333 0.023171 0.003333 0.002439
0 0.075000 0.018293 0.003333 0.002439
0 0.155000 0.015854 0.003333 0.002439
0 0.398333 0.013415 0.003333 0.002439
