0 0.018333 0.989024 0.003333 0.002439
0 0.955000 0.957317 0.003333 0.002439
0 0.208333 0.918293 0.003333 0.002439
0 0.771667 0.862195 0.003333 0.002439
0 0.011667 0.857317 0.003333 0.002439
0 0.088333 0.830488 0.003333 0.002439
0 0.008333 0.820732 0.003333 0.002439
0 0.041667 0.815854 0.003333 0.002439
0 0.988333 0.781707 0.003333 0.002439
0 0.028333 0.767073 0.003333 0.002439
0 0.135000 0.740244 0.003333 0.002439
0 0.605000 0.691463 0.003333 0.002439
0 0.411667 0.681707 0.003333 0.002439
0 0.675000 0.671951 0.003333 0.002439
0 0.005000 0.662195 0.003333 0.002439
0 0.215000 0.652439 0.003333 0.002439
0 0.288333 0.574390 0.003333 0.002439
0 0.155000 0.574390 0.003333 0.002439
0 0.185000 0.569512 0.003333 0.002439
0 0.411667 0.545122 0.003333 0.002439
0 0.828333 0.528049 0.003333 0.002439
0 0.175000 0.503659 0.003333 0.002439
0 0.051667 0.496341 0.003333 0.002439
0 0.665000 0.428049 0.003333 0.002439
0 0.681667 0.352439 0.003333 0.002439
0 0.578333 0.335366 0.003333 0.002439
0 0.468333 0.328049 0.003333 0.002439
0 0.281667 0.284146 0.003333 0.002439
0 0.098333 0.276829 0.003333 0.002439
0 0.338333 0.271951 0.003333 0.002439
0 0.571667 0.254878 0.003333 0.002439
0 0.758333 0.232927 0.003333 0.002439
0 0.605000 0.193902 0.003333 0.002439
0 0.138333 0.169512 0.003333 0.002439
0 0.048333 0.152439 0.003333 0.002439
0 0.111667 0.142683 0.003333 0.002439
0 0.921667 0.132927 0.003333 0.002439
0 0.891667 0.084146 0.003333 0.002439
0 0.345000 0.081707 0.003333 0.002439
0 0.828333 0.074390 0.003333 0.002439
0 0.031667 0.067073 0.003333 0.002439
0 0.961667 0.064634 0.003333 0.002439
0 0.895000 0.050000 0.003333 0.002439
0 0.358333 0.047561 0.003333 0.002439
0 0.441667 0.037805 0.003333 0.002439
0 0.101667 0.020732 0.003333 0.002439
0 0.901667 0.013415 0.003333 0.002439
