0 0.301667 0.993902 0.003333 0.002439
0 0.591667 0.991463 0.003333 0.002439
0 0.038333 0.981707 0.003333 0.002439
0 0.981667 0.898780 0.003333 0.002439
0 0.051667 0.896341 0.003333 0.002439
0 0.305000 0.891463 0.003333 0.002439
0 0.055000 0.732927 0.003333 0.002439
0 0.691667 0.715854 0.003333 0.002439
0 0.008333 0.710976 0.003333 0.002439
0 0.145000 0.659756 0.003333 0.002439
0 0.008333 0.650000 0.003333 0.002439
0 0.081667 0.640244 0.003333 0.002439
0 0.471667 0.628049 0.003333 0.002439
0 0.441667 0.610976 0.003333 0.002439
0 0.061667 0.589024 0.003333 0.002439
0 0.331667 0.579268 0.003333 0.002439
0 0.395000 0.574390 0.003333 0.002439
0 0.401667 0.498780 0.003333 0.002439
0 0.561667 0.489024 0.003333 0.002439
0 0.055000 0.471951 0.003333 0.002439
0 0.601667 0.442683 0.003333 0.002439
0 0.415000 0.442683 0.003333 0.002439
0 0.298333 0.428049 0.003333 0.002439
0 0.021667 0.406098 0.003333 0.002439
0 0.458333 0.379268 0.003333 0.002439
0 0.251667 0.354878 0.003333 0.002439
0 0.598333 0.330488 0.003333 0.002439
0 0.128333 0.330488 0.003333 0.002439
0 0.435000 0.328049 0.003333 0.002439
0 0.461667 0.310976 0.003333 0.002439
0 0.128333 0.284146 0.003333 0.002439
0 0.238333 0.279268 0.003333 0.002439
0 0.401667 0.264634 0.003333 0.002439
0 0.735000 0.262195 0.003333 0.002439
0 0.138333 0.257317 0.003333 0.002439
0 0.218333 0.235366 0.003333 0.002439
0 0.388333 0.218293 0.003333 0.002439
0 0.011667 0.213415 0.003333 0.002439
0 0.151667 0.206098 0.003333 0.002439
0 0.368333 0.189024 0.003333 0.002439
0 0.008333 0.176829 0.003333 0.002439
0 0.965000 0.171951 0.003333 0.002439
0 0.251667 0.154878 0.003333 0.002439
0 0.011667 0.135366 0.003333 0.002439
0 0.658333 0.115854 0.003333 0.002439
0 0.015000 0.054878 0.003333 0.002439
0 0.505000 0.023171 0.003333 0.002439
0 0.158333 0.020732 0.003333 0.002439
0 0.015000 0.018293 0.003333 0.002439
0 0.241667 0.010976 0.003333 0.002439
