0 0.168333 0.979268 0.003333 0.002439
0 0.408333 0.964634 0.003333 0.002439
0 0.305000 0.910976 0.003333 0.002439
0 0.878333 0.874390 0.003333 0.002439
0 0.918333 0.859756 0.003333 0.002439
0 0.161667 0.825610 0.003333 0.002439
0 0.411667 0.815854 0.003333 0.002439
0 0.318333 0.793902 0.003333 0.002439
0 0.338333 0.725610 0.003333 0.002439
0 0.458333 0.718293 0.003333 0.002439
0 0.038333 0.659756 0.003333 0.002439
0 0.845000 0.586585 0.003333 0.002439
0 0.478333 0.579268 0.003333 0.002439
0 0.321667 0.576829 0.003333 0.002439
0 0.278333 0.562195 0.003333 0.002439
0 0.095000 0.557317 0.003333 0.002439
0 0.508333 0.542683 0.003333 0.002439
0 0.425000 0.498780 0.003333 0.002439
0 0.561667 0.491463 0.003333 0.002439
0 0.281667 0.486585 0.003333 0.002439
0 0.948333 0.484146 0.003333 0.002439
0 0.441667 0.464634 0.003333 0.002439
0 0.401667 0.410976 0.003333 0.002439
0 0.018333 0.379268 0.003333 0.002439
0 0.325000 0.374390 0.003333 0.002439
0 0.195000 0.374390 0.003333 0.002439
0 0.091667 0.357317 0.003333 0.002439
0 0.768333 0.354878 0.003333 0.002439
0 0.281667 0.350000 0.003333 0.002439
0 0.428333 0.335366 0.003333 0.002439
0 0.345000 0.332927 0.003333 0.002439
0 0.585000 0.330488 0.003333 0.002439
0 0.268333 0.308537 0.003333 0.002439
0 0.731667 0.306098 0.003333 0.002439
0 0.245000 0.284146 0.003333 0.002439
0 0.575000 0.269512 0.003333 0.002439
0 0.248333 0.235366 0.003333 0.002439
0 0.425000 0.198780 0.003333 0.002439
0 0.865000 0.179268 0.003333 0.002439
0 0.185000 0.169512 0.003333 0.002439
0 0.135000 0.147561 0.003333 0.002439
0 0.071667 0.128049 0.003333 0.002439
0 0.381667 0.120732 0.003333 0.002439
0 0.128333 0.103659 0.003333 0.002439
0 0.908333 0.101220 0.003333 0.002439
0 0.765000 0.101220 0.003333 0.002439
0 0.055000 0.081707 0.003333 0.002439
0 0.338333 0.069512 0.003333 0.002439
0 0.008333 0.040244 0.003333 0.002439
0 0.815000 0.020732 0.003333 0.002439
0 0.295000 0.018293 0.003333 0.002439
0 0.251667 0.015854 0.003333 0.002439
