0 0.921667 0.950000 0.003333 0.002439
0 0.185000 0.928049 0.003333 0.002439
0 0.111667 0.908537 0.003333 0.002439
0 0.775000 0.891463 0.003333 0.002439
0 0.221667 0.869512 0.003333 0.002439
0 0.161667 0.840244 0.003333 0.002439
0 0.451667 0.750000 0.003333 0.002439
0 0.045000 0.747561 0.003333 0.002439
0 0.908333 0.664634 0.003333 0.002439
0 0.031667 0.657317 0.003333 0.002439
0 0.498333 0.647561 0.003333 0.002439
0 0.861667 0.637805 0.003333 0.002439
0 0.111667 0.615854 0.003333 0.002439
0 0.178333 0.581707 0.003333 0.002439
0 0.508333 0.537805 0.003333 0.002439
0 0.291667 0.535366 0.003333 0.002439
0 0.141667 0.528049 0.003333 0.002439
0 0.085000 0.525610 0.003333 0.002439
0 0.715000 0.501220 0.003333 0.002439
0 0.575000 0.496341 0.003333 0.002439
0 0.178333 0.491463 0.003333 0.002439
0 0.348333 0.445122 0.003333 0.002439
0 0.218333 0.445122 0.003333 0.002439
0 0.498333 0.418293 0.003333 0.002439
0 0.988333 0.413415 0.003333 0.002439
0 0.785000 0.410976 0.003333 0.002439
0 0.288333 0.408537 0.003333 0.002439
0 0.751667 0.359756 0.003333 0.002439
0 0.115000 0.350000 0.003333 0.002439
0 0.168333 0.342683 0.003333 0.002439
0 0.021667 0.340244 0.003333 0.002439
0 0.155000 0.313415 0.003333 0.002439
0 0.705000 0.303659 0.003333 0.002439
0 0.018333 0.293902 0.003333 0.002439
0 0.531667 0.269512 0.003333 0.002439
0 0.438333 0.257317 0.003333 0.002439
0 0.088333 0.245122 0.003333 0.002439
0 0.838333 0.230488 0.003333 0.002439
0 0.285000 0.215854 0.003333 0.002439
0 0.005000 0.203659 0.003333 0.002439
0 0.031667 0.147561 0.003333 0.002439
0 0.155000 0.145122 0.003333 0.002439
0 0.015000 0.103659 0.003333 0.002439
0 0.258333 0.098780 0.003333 0.002439
0 0.091667 0.098780 0.003333 0.002439
0 0.085000 0.059756 0.003333 0.002439
0 0.265000 0.057317 0.003333 0.002439
0 0.021667 0.057317 0.003333 0.002439
0 0.105000 0.006098 0.003333 0.002439
