0 0.595000 0.989024 0.003333 0.002439
0 0.025000 0.976829 0.003333 0.002439
0 0.995000 0.901220 0.003333 0.002439
0 0.058333 0.896341 0.003333 0.002439
0 0.301667 0.879268 0.003333 0.002439
0 0.075000 0.742683 0.003333 0.002439
0 0.691667 0.715854 0.003333 0.002439
0 0.015000 0.708537 0.003333 0.002439
0 0.115000 0.662195 0.003333 0.002439
0 0.011667 0.642683 0.003333 0.002439
0 0.091667 0.623171 0.003333 0.002439
0 0.425000 0.618293 0.003333 0.002439
0 0.471667 0.615854 0.003333 0.002439
0 0.345000 0.608537 0.003333 0.002439
0 0.395000 0.576829 0.003333 0.002439
0 0.081667 0.576829 0.003333 0.002439
0 0.411667 0.496341 0.003333 0.002439
0 0.041667 0.486585 0.003333 0.002439
0 0.551667 0.474390 0.003333 0.002439
0 0.591667 0.459756 0.003333 0.002439
0 0.418333 0.428049 0.003333 0.002439
0 0.271667 0.408537 0.003333 0.002439
0 0.018333 0.389024 0.003333 0.002439
0 0.611667 0.379268 0.003333 0.002439
0 0.441667 0.364634 0.003333 0.002439
0 0.248333 0.342683 0.003333 0.002439
0 0.428333 0.330488 0.003333 0.002439
0 0.138333 0.328049 0.003333 0.002439
0 0.578333 0.323171 0.003333 0.002439
0 0.445000 0.298780 0.003333 0.002439
0 0.741667 0.291463 0.003333 0.002439
0 0.118333 0.271951 0.003333 0.002439
0 0.241667 0.269512 0.003333 0.002439
0 0.388333 0.259756 0.003333 0.002439
0 0.115000 0.252439 0.003333 0.002439
0 0.215000 0.242683 0.003333 0.002439
0 0.011667 0.223171 0.003333 0.002439
0 0.145000 0.215854 0.003333 0.002439
0 0.381667 0.210976 0.003333 0.002439
0 0.375000 0.171951 0.003333 0.002439
0 0.961667 0.164634 0.003333 0.002439
0 0.235000 0.157317 0.003333 0.002439
0 0.011667 0.135366 0.003333 0.002439
0 0.665000 0.118293 0.003333 0.002439
0 0.991667 0.025610 0.003333 0.002439
0 0.255000 0.025610 0.003333 0.002439
0 0.185000 0.025610 0.003333 0.002439
0 0.461667 0.023171 0.003333 0.002439
0 0.101667 0.020732 0.003333 0.002439
0 0.745000 0.015854 0.003333 0.002439
0 0.021667 0.013415 0.003333 0.002439
