0 0.948333 0.932927 0.003333 0.002439
0 0.211667 0.910976 0.003333 0.002439
0 0.781667 0.881707 0.003333 0.002439
0 0.045000 0.874390 0.003333 0.002439
0 0.135000 0.845122 0.003333 0.002439
0 0.091667 0.820732 0.003333 0.002439
0 0.031667 0.796341 0.003333 0.002439
0 0.968333 0.723171 0.003333 0.002439
0 0.421667 0.703659 0.003333 0.002439
0 0.025000 0.701220 0.003333 0.002439
0 0.121667 0.689024 0.003333 0.002439
0 0.031667 0.618293 0.003333 0.002439
0 0.161667 0.613415 0.003333 0.002439
0 0.551667 0.610976 0.003333 0.002439
0 0.468333 0.598780 0.003333 0.002439
0 0.868333 0.589024 0.003333 0.002439
0 0.608333 0.571951 0.003333 0.002439
0 0.321667 0.552439 0.003333 0.002439
0 0.138333 0.552439 0.003333 0.002439
0 0.175000 0.518293 0.003333 0.002439
0 0.188333 0.476829 0.003333 0.002439
0 0.705000 0.432927 0.003333 0.002439
0 0.155000 0.413415 0.003333 0.002439
0 0.728333 0.410976 0.003333 0.002439
0 0.485000 0.384146 0.003333 0.002439
0 0.051667 0.384146 0.003333 0.002439
0 0.291667 0.362195 0.003333 0.002439
0 0.358333 0.357317 0.003333 0.002439
0 0.851667 0.323171 0.003333 0.002439
0 0.105000 0.298780 0.003333 0.002439
0 0.641667 0.293902 0.003333 0.002439
0 0.565000 0.293902 0.003333 0.002439
0 0.695000 0.281707 0.003333 0.002439
0 0.031667 0.267073 0.003333 0.002439
0 0.795000 0.220732 0.003333 0.002439
0 0.221667 0.171951 0.003333 0.002439
0 0.981667 0.169512 0.003333 0.002439
0 0.365000 0.150000 0.003333 0.002439
0 0.091667 0.147561 0.003333 0.002439
0 0.015000 0.140244 0.003333 0.002439
0 0.138333 0.113415 0.003333 0.002439
0 0.991667 0.096341 0.003333 0.002439
0 0.065000 0.067073 0.003333 0.002439
0 0.011667 0.025610 0.003333 0.002439
0 0.105000 0.018293 0.003333 0.002439
0 0.481667 0.008537 0.003333 0.002439
0 0.298333 0.008537 0.003333 0.002439
0 0.035000 0.008537 0.003333 0.002439
