0 0.565000 0.991463 0.003333 0.002439
0 0.288333 0.986585 0.003333 0.002439
0 0.051667 0.981707 0.003333 0.002439
0 0.305000 0.908537 0.003333 0.002439
0 0.035000 0.896341 0.003333 0.002439
0 0.985000 0.891463 0.003333 0.002439
0 0.038333 0.720732 0.003333 0.002439
0 0.691667 0.710976 0.003333 0.002439
0 0.161667 0.659756 0.003333 0.002439
0 0.008333 0.657317 0.003333 0.002439
0 0.071667 0.650000 0.003333 0.002439
0 0.475000 0.630488 0.003333 0.002439
0 0.455000 0.603659 0.003333 0.002439
0 0.035000 0.593902 0.003333 0.002439
0 0.398333 0.579268 0.003333 0.002439
0 0.321667 0.545122 0.003333 0.002439
0 0.561667 0.515854 0.003333 0.002439
0 0.385000 0.498780 0.003333 0.002439
0 0.408333 0.459756 0.003333 0.002439
0 0.068333 0.457317 0.003333 0.002439
0 0.325000 0.442683 0.003333 0.002439
0 0.618333 0.425610 0.003333 0.002439
0 0.031667 0.425610 0.003333 0.002439
0 0.475000 0.391463 0.003333 0.002439
0 0.281667 0.359756 0.003333 0.002439
0 0.618333 0.345122 0.003333 0.002439
0 0.125000 0.342683 0.003333 0.002439
0 0.458333 0.335366 0.003333 0.002439
0 0.478333 0.315854 0.003333 0.002439
0 0.611667 0.303659 0.003333 0.002439
0 0.161667 0.296341 0.003333 0.002439
0 0.241667 0.291463 0.003333 0.002439
0 0.401667 0.267073 0.003333 0.002439
0 0.161667 0.254878 0.003333 0.002439
0 0.115000 0.245122 0.003333 0.002439
0 0.735000 0.240244 0.003333 0.002439
0 0.228333 0.230488 0.003333 0.002439
0 0.398333 0.228049 0.003333 0.002439
0 0.015000 0.210976 0.003333 0.002439
0 0.355000 0.198780 0.003333 0.002439
0 0.161667 0.193902 0.003333 0.002439
0 0.968333 0.186585 0.003333 0.002439
0 0.015000 0.179268 0.003333 0.002439
0 0.275000 0.152439 0.003333 0.002439
0 0.015000 0.137805 0.003333 0.002439
0 0.661667 0.120732 0.003333 0.002439
0 0.018333 0.059756 0.003333 0.002439
0 0.041667 0.040244 0.003333 0.002439
0 0.555000 0.020732 0.003333 0.002439
0 0.158333 0.013415 0.003333 0.002439
0 0.015000 0.010976 0.003333 0.002439
