0 0.148333 0.989024 0.003333 0.002439
0 0.441667 0.971951 0.003333 0.002439
0 0.331667 0.906098 0.003333 0.002439
0 0.888333 0.867073 0.003333 0.002439
0 0.418333 0.828049 0.003333 0.002439
0 0.911667 0.825610 0.003333 0.002439
0 0.148333 0.803659 0.003333 0.002439
0 0.328333 0.796341 0.003333 0.002439
0 0.328333 0.730488 0.003333 0.002439
0 0.438333 0.706098 0.003333 0.002439
0 0.041667 0.652439 0.003333 0.002439
0 0.848333 0.620732 0.003333 0.002439
0 0.301667 0.576829 0.003333 0.002439
0 0.448333 0.557317 0.003333 0.002439
0 0.508333 0.540244 0.003333 0.002439
0 0.078333 0.537805 0.003333 0.002439
0 0.285000 0.503659 0.003333 0.002439
0 0.565000 0.491463 0.003333 0.002439
0 0.938333 0.484146 0.003333 0.002439
0 0.415000 0.479268 0.003333 0.002439
0 0.375000 0.406098 0.003333 0.002439
0 0.765000 0.384146 0.003333 0.002439
0 0.315000 0.369512 0.003333 0.002439
0 0.011667 0.367073 0.003333 0.002439
0 0.055000 0.357317 0.003333 0.002439
0 0.171667 0.350000 0.003333 0.002439
0 0.351667 0.347561 0.003333 0.002439
0 0.271667 0.332927 0.003333 0.002439
0 0.728333 0.320732 0.003333 0.002439
0 0.418333 0.313415 0.003333 0.002439
0 0.551667 0.308537 0.003333 0.002439
0 0.265000 0.284146 0.003333 0.002439
0 0.561667 0.247561 0.003333 0.002439
0 0.251667 0.228049 0.003333 0.002439
0 0.415000 0.201220 0.003333 0.002439
0 0.848333 0.193902 0.003333 0.002439
0 0.181667 0.174390 0.003333 0.002439
0 0.955000 0.169512 0.003333 0.002439
0 0.115000 0.137805 0.003333 0.002439
0 0.911667 0.130488 0.003333 0.002439
0 0.761667 0.125610 0.003333 0.002439
0 0.378333 0.118293 0.003333 0.002439
0 0.105000 0.108537 0.003333 0.002439
0 0.721667 0.096341 0.003333 0.002439
0 0.048333 0.067073 0.003333 0.002439
0 0.335000 0.064634 0.003333 0.002439
0 0.968333 0.057317 0.003333 0.002439
0 0.815000 0.032927 0.003333 0.002439
0 0.005000 0.032927 0.003333 0.002439
0 0.298333 0.028049 0.003333 0.002439
0 0.265000 0.010976 0.003333 0.002439
