0 0.858333 0.996341 0.003333 0.002439
0 0.171667 0.964634 0.003333 0.002439
0 0.131667 0.952439 0.003333 0.002439
0 0.331667 0.910976 0.003333 0.002439
0 0.028333 0.906098 0.003333 0.002439
0 0.755000 0.881707 0.003333 0.002439
0 0.215000 0.818293 0.003333 0.002439
0 0.501667 0.806098 0.003333 0.002439
0 0.051667 0.718293 0.003333 0.002439
0 0.565000 0.701220 0.003333 0.002439
0 0.838333 0.671951 0.003333 0.002439
0 0.881667 0.637805 0.003333 0.002439
0 0.031667 0.596341 0.003333 0.002439
0 0.738333 0.574390 0.003333 0.002439
0 0.135000 0.557317 0.003333 0.002439
0 0.171667 0.537805 0.003333 0.002439
0 0.378333 0.528049 0.003333 0.002439
0 0.235000 0.513415 0.003333 0.002439
0 0.155000 0.493902 0.003333 0.002439
0 0.295000 0.489024 0.003333 0.002439
0 0.461667 0.486585 0.003333 0.002439
0 0.008333 0.479268 0.003333 0.002439
0 0.118333 0.469512 0.003333 0.002439
0 0.321667 0.450000 0.003333 0.002439
0 0.265000 0.440244 0.003333 0.002439
0 0.071667 0.440244 0.003333 0.002439
0 0.481667 0.437805 0.003333 0.002439
0 0.531667 0.428049 0.003333 0.002439
0 0.808333 0.425610 0.003333 0.002439
0 0.068333 0.367073 0.003333 0.002439
0 0.468333 0.350000 0.003333 0.002439
0 0.195000 0.337805 0.003333 0.002439
0 0.025000 0.318293 0.003333 0.002439
0 0.238333 0.313415 0.003333 0.002439
0 0.078333 0.313415 0.003333 0.002439
0 0.161667 0.310976 0.003333 0.002439
0 0.798333 0.296341 0.003333 0.002439
0 0.315000 0.291463 0.003333 0.002439
0 0.041667 0.252439 0.003333 0.002439
0 0.891667 0.245122 0.003333 0.002439
0 0.171667 0.228049 0.003333 0.002439
0 0.508333 0.215854 0.003333 0.002439
0 0.178333 0.171951 0.003333 0.002439
0 0.025000 0.169512 0.003333 0.002439
0 0.235000 0.145122 0.003333 0.002439
0 0.171667 0.132927 0.003333 0.002439
0 0.035000 0.123171 0.003333 0.002439
0 0.378333 0.103659 0.003333 0.002439
0 0.055000 0.091463 0.003333 0.002439
0 0.588333 0.059756 0.003333 0.002439
0 0.798333 0.020732 0.003333 0.002439
0 0.208333 0.018293 0.003333 0.002439
