0 0.505000 0.984146 0.003333 0.002439
0 0.215000 0.971951 0.003333 0.002439
0 0.015000 0.947561 0.003333 0.002439
0 0.051667 0.940244 0.003333 0.002439
0 0.121667 0.932927 0.003333 0.002439
0 0.185000 0.923171 0.003333 0.002439
0 0.038333 0.908537 0.003333 0.002439
0 0.968333 0.879268 0.003333 0.002439
0 0.188333 0.828049 0.003333 0.002439
0 0.011667 0.820732 0.003333 0.002439
0 0.645000 0.737805 0.003333 0.002439
0 0.625000 0.706098 0.003333 0.002439
0 0.011667 0.706098 0.003333 0.002439
0 0.021667 0.662195 0.003333 0.002439
0 0.648333 0.642683 0.003333 0.002439
0 0.378333 0.630488 0.003333 0.002439
0 0.201667 0.567073 0.003333 0.002439
0 0.021667 0.554878 0.003333 0.002439
0 0.435000 0.513415 0.003333 0.002439
0 0.565000 0.510976 0.003333 0.002439
0 0.328333 0.498780 0.003333 0.002439
0 0.398333 0.496341 0.003333 0.002439
0 0.091667 0.471951 0.003333 0.002439
0 0.611667 0.462195 0.003333 0.002439
0 0.171667 0.457317 0.003333 0.002439
0 0.275000 0.437805 0.003333 0.002439
0 0.771667 0.428049 0.003333 0.002439
0 0.655000 0.428049 0.003333 0.002439
0 0.438333 0.423171 0.003333 0.002439
0 0.151667 0.418293 0.003333 0.002439
0 0.405000 0.384146 0.003333 0.002439
0 0.191667 0.371951 0.003333 0.002439
0 0.068333 0.357317 0.003333 0.002439
0 0.931667 0.332927 0.003333 0.002439
0 0.738333 0.325610 0.003333 0.002439
0 0.538333 0.308537 0.003333 0.002439
0 0.985000 0.306098 0.003333 0.002439
0 0.025000 0.303659 0.003333 0.002439
0 0.088333 0.293902 0.003333 0.002439
0 0.375000 0.286585 0.003333 0.002439
0 0.165000 0.276829 0.003333 0.002439
0 0.551667 0.269512 0.003333 0.002439
0 0.341667 0.257317 0.003333 0.002439
0 0.091667 0.254878 0.003333 0.002439
0 0.555000 0.242683 0.003333 0.002439
0 0.165000 0.232927 0.003333 0.002439
0 0.885000 0.198780 0.003333 0.002439
0 0.121667 0.191463 0.003333 0.002439
0 0.355000 0.164634 0.003333 0.002439
0 0.288333 0.150000 0.003333 0.002439
0 0.178333 0.145122 0.003333 0.002439
0 0.065000 0.125610 0.003333 0.002439
0 0.641667 0.108537 0.003333 0.002439
0 0.141667 0.096341 0.003333 0.002439
0 0.228333 0.091463 0.003333 0.002439
0 0.591667 0.086585 0.003333 0.002439
0 0.715000 0.079268 0.003333 0.002439
0 0.015000 0.030488 0.003333 0.002439
0 0.335000 0.028049 0.003333 0.002439
0 0.148333 0.020732 0.003333 0.002439
