0 0.385000 0.993902 0.003333 0.002439
0 0.928333 0.979268 0.003333 0.002439
0 0.361667 0.964634 0.003333 0.002439
0 0.248333 0.950000 0.003333 0.002439
0 0.161667 0.923171 0.003333 0.002439
0 0.815000 0.910976 0.003333 0.002439
0 0.171667 0.886585 0.003333 0.002439
0 0.385000 0.784146 0.003333 0.002439
0 0.295000 0.762195 0.003333 0.002439
0 0.091667 0.745122 0.003333 0.002439
0 0.355000 0.720732 0.003333 0.002439
0 0.551667 0.706098 0.003333 0.002439
0 0.591667 0.664634 0.003333 0.002439
0 0.468333 0.657317 0.003333 0.002439
0 0.088333 0.654878 0.003333 0.002439
0 0.111667 0.635366 0.003333 0.002439
0 0.531667 0.615854 0.003333 0.002439
0 0.061667 0.606098 0.003333 0.002439
0 0.571667 0.550000 0.003333 0.002439
0 0.505000 0.496341 0.003333 0.002439
0 0.988333 0.481707 0.003333 0.002439
0 0.115000 0.476829 0.003333 0.002439
0 0.388333 0.471951 0.003333 0.002439
0 0.821667 0.454878 0.003333 0.002439
0 0.481667 0.454878 0.003333 0.002439
0 0.365000 0.447561 0.003333 0.002439
0 0.215000 0.442683 0.003333 0.002439
0 0.275000 0.430488 0.003333 0.002439
0 0.128333 0.420732 0.003333 0.002439
0 0.638333 0.403659 0.003333 0.002439
0 0.285000 0.391463 0.003333 0.002439
0 0.201667 0.386585 0.003333 0.002439
0 0.548333 0.369512 0.003333 0.002439
0 0.408333 0.359756 0.003333 0.002439
0 0.495000 0.320732 0.003333 0.002439
0 0.581667 0.306098 0.003333 0.002439
0 0.178333 0.274390 0.003333 0.002439
0 0.335000 0.262195 0.003333 0.002439
0 0.218333 0.240244 0.003333 0.002439
0 0.735000 0.237805 0.003333 0.002439
0 0.018333 0.225610 0.003333 0.002439
0 0.795000 0.215854 0.003333 0.002439
0 0.475000 0.208537 0.003333 0.002439
0 0.898333 0.164634 0.003333 0.002439
0 0.011667 0.154878 0.003333 0.002439
0 0.438333 0.147561 0.003333 0.002439
0 0.291667 0.140244 0.003333 0.002439
0 0.095000 0.132927 0.003333 0.002439
0 0.355000 0.115854 0.003333 0.002439
0 0.878333 0.101220 0.003333 0.002439
0 0.051667 0.086585 0.003333 0.002439
0 0.781667 0.084146 0.003333 0.002439
0 0.345000 0.081707 0.003333 0.002439
0 0.291667 0.045122 0.003333 0.002439
0 0.658333 0.032927 0.003333 0.002439
0 0.428333 0.023171 0.003333 0.002439
0 0.168333 0.023171 0.003333 0.002439
0 0.728333 0.015854 0.003333 0.002439
0 0.618333 0.013415 0.003333 0.002439
0 0.078333 0.010976 0.003333 0.002439
