0 0.758488 0.798611 0.001543 0.013889
0 0.897377 0.770833 0.001543 0.013889
0 0.141204 0.756944 0.001543 0.013889
0 0.928241 0.743056 0.001543 0.013889
0 0.380401 0.729167 0.001543 0.013889
0 0.079475 0.715278 0.001543 0.013889
0 0.963735 0.701389 0.001543 0.013889
0 0.179784 0.701389 0.001543 0.013889
0 0.976080 0.631944 0.001543 0.013889
0 0.803241 0.631944 0.001543 0.013889
0 0.065586 0.631944 0.001543 0.013889
0 0.940586 0.604167 0.001543 0.013889
0 0.150463 0.604167 0.001543 0.013889
0 0.847994 0.576389 0.001543 0.013889
0 0.971451 0.562500 0.001543 0.013889
0 0.394290 0.520833 0.001543 0.013889
0 0.959105 0.506944 0.001543 0.013889
0 0.991512 0.493056 0.001543 0.013889
0 0.880401 0.479167 0.001543 0.013889
0 0.795525 0.479167 0.001543 0.013889
0 0.976080 0.465278 0.001543 0.013889
0 0.926698 0.437500 0.001543 0.013889
0 0.076389 0.395833 0.001543 0.013889
0 0.530093 0.340278 0.001543 0.013889
0 0.989969 0.326389 0.001543 0.013889
0 0.965278 0.312500 0.001543 0.013889
0 0.016204 0.270833 0.001543 0.013889
0 0.003858 0.270833 0.001543 0.013889
