0 0.874228 0.840278 0.001543 0.013889
0 0.900463 0.812500 0.001543 0.013889
0 0.976080 0.798611 0.001543 0.013889
0 0.986883 0.673611 0.001543 0.013889
0 0.060957 0.673611 0.001543 0.013889
0 0.005401 0.645833 0.001543 0.013889
0 0.102623 0.604167 0.001543 0.013889
0 0.087191 0.604167 0.001543 0.013889
0 0.952932 0.562500 0.001543 0.013889
0 0.207562 0.506944 0.001543 0.013889
0 0.050154 0.479167 0.001543 0.013889
0 0.991512 0.423611 0.001543 0.013889
0 0.122685 0.409722 0.001543 0.013889
0 0.972994 0.381944 0.001543 0.013889
0 0.002315 0.354167 0.001543 0.013889
0 0.189043 0.326389 0.001543 0.013889
0 0.989969 0.312500 0.001543 0.013889
0 0.915895 0.312500 0.001543 0.013889
0 0.542438 0.312500 0.001543 0.013889
0 0.013117 0.284722 0.001543 0.013889
