0 0.690586 0.770833 0.001543 0.013889
0 0.440586 0.715278 0.001543 0.013889
0 0.915895 0.687500 0.001543 0.013889
0 0.244599 0.673611 0.001543 0.013889
0 0.713735 0.659722 0.001543 0.013889
0 0.003858 0.659722 0.001543 0.013889
0 0.931327 0.631944 0.001543 0.013889
0 0.005401 0.590278 0.001543 0.013889
0 0.977623 0.562500 0.001543 0.013889
0 0.878858 0.562500 0.001543 0.013889
0 0.701389 0.506944 0.001543 0.013889
0 0.951389 0.479167 0.001543 0.013889
0 0.051698 0.465278 0.001543 0.013889
0 0.020833 0.451389 0.001543 0.013889
0 0.753858 0.368056 0.001543 0.013889
0 0.321759 0.326389 0.001543 0.013889
0 0.761574 0.312500 0.001543 0.013889
0 0.699846 0.298611 0.001543 0.013889
