0 0.846451 0.770833 0.001543 0.013889
0 0.434414 0.756944 0.001543 0.013889
0 0.042438 0.756944 0.001543 0.013889
0 0.017747 0.756944 0.001543 0.013889
0 0.011574 0.756944 0.001543 0.013889
0 0.980710 0.701389 0.001543 0.013889
0 0.020833 0.673611 0.001543 0.013889
0 0.006944 0.673611 0.001543 0.013889
0 0.047068 0.659722 0.001543 0.013889
0 0.982253 0.604167 0.001543 0.013889
0 0.935957 0.604167 0.001543 0.013889
0 0.878858 0.576389 0.001543 0.013889
0 0.096451 0.576389 0.001543 0.013889
0 0.136574 0.534722 0.001543 0.013889
0 0.057870 0.534722 0.001543 0.013889
0 0.851080 0.520833 0.001543 0.013889
0 0.764660 0.506944 0.001543 0.013889
0 0.395833 0.493056 0.001543 0.013889
0 0.386574 0.493056 0.001543 0.013889
0 0.993056 0.479167 0.001543 0.013889
0 0.929784 0.479167 0.001543 0.013889
0 0.198302 0.409722 0.001543 0.013889
0 0.727623 0.395833 0.001543 0.013889
0 0.983796 0.326389 0.001543 0.013889
0 0.523920 0.312500 0.001543 0.013889
0 0.030093 0.298611 0.001543 0.013889
0 0.121142 0.270833 0.001543 0.013889
