0 0.810957 0.826389 0.001543 0.013889
0 0.428241 0.756944 0.001543 0.013889
0 0.940586 0.729167 0.001543 0.013889
0 0.826389 0.701389 0.001543 0.013889
0 0.721451 0.687500 0.001543 0.013889
0 0.034722 0.645833 0.001543 0.013889
0 0.010031 0.631944 0.001543 0.013889
0 0.452932 0.604167 0.001543 0.013889
0 0.102623 0.604167 0.001543 0.013889
0 0.057870 0.590278 0.001543 0.013889
0 0.003858 0.562500 0.001543 0.013889
0 0.121142 0.548611 0.001543 0.013889
0 0.053241 0.451389 0.001543 0.013889
0 0.138117 0.437500 0.001543 0.013889
0 0.400463 0.423611 0.001543 0.013889
0 0.906636 0.340278 0.001543 0.013889
0 0.523920 0.312500 0.001543 0.013889
0 0.270833 0.284722 0.001543 0.013889
0 0.199846 0.270833 0.001543 0.013889
