0 0.986883 0.798611 0.001543 0.013889
0 0.527006 0.784722 0.001543 0.013889
0 0.297068 0.756944 0.001543 0.013889
0 0.685957 0.701389 0.001543 0.013889
0 0.997685 0.687500 0.001543 0.013889
0 0.903549 0.618056 0.001543 0.013889
0 0.988426 0.548611 0.001543 0.013889
0 0.752315 0.534722 0.001543 0.013889
0 0.334105 0.520833 0.001543 0.013889
0 0.922068 0.493056 0.001543 0.013889
0 0.841821 0.493056 0.001543 0.013889
0 0.738426 0.479167 0.001543 0.013889
0 0.803241 0.451389 0.001543 0.013889
0 0.863426 0.423611 0.001543 0.013889
0 0.375772 0.312500 0.001543 0.013889
