0 0.894290 0.812500 0.001543 0.013889
0 0.687500 0.812500 0.001543 0.013889
0 0.371142 0.756944 0.001543 0.013889
0 0.354167 0.729167 0.001543 0.013889
0 0.985340 0.687500 0.001543 0.013889
0 0.767747 0.673611 0.001543 0.013889
0 0.221451 0.645833 0.001543 0.013889
0 0.925154 0.562500 0.001543 0.013889
0 0.857253 0.562500 0.001543 0.013889
0 0.949846 0.506944 0.001543 0.013889
0 0.939043 0.493056 0.001543 0.013889
0 0.017747 0.479167 0.001543 0.013889
0 0.928241 0.451389 0.001543 0.013889
0 0.969907 0.423611 0.001543 0.013889
0 0.818673 0.409722 0.001543 0.013889
0 0.951389 0.395833 0.001543 0.013889
0 0.917438 0.326389 0.001543 0.013889
0 0.874228 0.326389 0.001543 0.013889
0 0.986883 0.312500 0.001543 0.013889
0 0.942130 0.312500 0.001543 0.013889
0 0.400463 0.298611 0.001543 0.013889
0 0.002315 0.298611 0.001543 0.013889
