0 0.985340 0.812500 0.001543 0.013889
0 0.760031 0.812500 0.001543 0.013889
0 0.746142 0.812500 0.001543 0.013889
0 0.581019 0.812500 0.001543 0.013889
0 0.437500 0.756944 0.001543 0.013889
0 0.389660 0.756944 0.001543 0.013889
0 0.003858 0.715278 0.001543 0.013889
0 0.900463 0.687500 0.001543 0.013889
0 0.383488 0.687500 0.001543 0.013889
0 0.258488 0.687500 0.001543 0.013889
0 0.977623 0.673611 0.001543 0.013889
0 0.371142 0.631944 0.001543 0.013889
0 0.993056 0.618056 0.001543 0.013889
0 0.880401 0.604167 0.001543 0.013889
0 0.017747 0.604167 0.001543 0.013889
0 0.972994 0.576389 0.001543 0.013889
0 0.043981 0.576389 0.001543 0.013889
0 0.184414 0.562500 0.001543 0.013889
0 0.996142 0.520833 0.001543 0.013889
0 0.050154 0.520833 0.001543 0.013889
0 0.934414 0.493056 0.001543 0.013889
0 0.863426 0.493056 0.001543 0.013889
0 0.752315 0.493056 0.001543 0.013889
0 0.409722 0.479167 0.001543 0.013889
0 0.310957 0.479167 0.001543 0.013889
0 0.977623 0.451389 0.001543 0.013889
0 0.954475 0.437500 0.001543 0.013889
0 0.070216 0.437500 0.001543 0.013889
0 0.652006 0.409722 0.001543 0.013889
0 0.892747 0.395833 0.001543 0.013889
0 0.023920 0.395833 0.001543 0.013889
0 0.398920 0.381944 0.001543 0.013889
0 0.133488 0.381944 0.001543 0.013889
0 0.875772 0.340278 0.001543 0.013889
0 0.107253 0.340278 0.001543 0.013889
0 0.002315 0.340278 0.001543 0.013889
0 0.332562 0.326389 0.001543 0.013889
0 0.891204 0.312500 0.001543 0.013889
0 0.570216 0.298611 0.001543 0.013889
0 0.227623 0.298611 0.001543 0.013889
0 0.543981 0.284722 0.001543 0.013889
0 0.128858 0.284722 0.001543 0.013889
0 0.034722 0.284722 0.001543 0.013889
0 0.172068 0.256944 0.001543 0.013889
0 0.152006 0.256944 0.001543 0.013889
0 0.091821 0.243056 0.001543 0.013889
