0 0.985340 0.840278 0.001543 0.013889
0 0.778549 0.826389 0.001543 0.013889
0 0.918981 0.687500 0.001543 0.013889
0 0.057870 0.673611 0.001543 0.013889
0 0.104167 0.618056 0.001543 0.013889
0 0.088735 0.618056 0.001543 0.013889
0 0.883488 0.576389 0.001543 0.013889
0 0.968364 0.562500 0.001543 0.013889
0 0.996142 0.548611 0.001543 0.013889
0 0.952932 0.548611 0.001543 0.013889
0 0.111883 0.520833 0.001543 0.013889
0 0.155093 0.479167 0.001543 0.013889
0 0.003858 0.479167 0.001543 0.013889
0 0.624228 0.409722 0.001543 0.013889
0 0.022377 0.409722 0.001543 0.013889
0 0.002315 0.409722 0.001543 0.013889
0 0.159722 0.368056 0.001543 0.013889
0 0.034722 0.354167 0.001543 0.013889
0 0.016204 0.340278 0.001543 0.013889
0 0.005401 0.340278 0.001543 0.013889
0 0.977623 0.326389 0.001543 0.013889
0 0.903549 0.326389 0.001543 0.013889
0 0.875772 0.326389 0.001543 0.013889
