0 0.662809 0.826389 0.001543 0.013889
0 0.983796 0.812500 0.001543 0.013889
0 0.010031 0.743056 0.001543 0.013889
0 0.818673 0.645833 0.001543 0.013889
0 0.087191 0.645833 0.001543 0.013889
0 0.133488 0.631944 0.001543 0.013889
0 0.789352 0.618056 0.001543 0.013889
0 0.951389 0.562500 0.001543 0.013889
0 0.974537 0.548611 0.001543 0.013889
0 0.818673 0.451389 0.001543 0.013889
0 0.878858 0.381944 0.001543 0.013889
0 0.997685 0.368056 0.001543 0.013889
0 0.019290 0.354167 0.001543 0.013889
0 0.207562 0.326389 0.001543 0.013889
0 0.792438 0.298611 0.001543 0.013889
0 0.687500 0.298611 0.001543 0.013889
0 0.096451 0.284722 0.001543 0.013889
0 0.071759 0.270833 0.001543 0.013889
