0 0.900463 0.854167 0.001543 0.013889
0 0.996142 0.826389 0.001543 0.013889
0 0.508488 0.812500 0.001543 0.013889
0 0.966821 0.798611 0.001543 0.013889
0 0.985340 0.743056 0.001543 0.013889
0 0.036265 0.743056 0.001543 0.013889
0 0.002315 0.701389 0.001543 0.013889
0 0.956019 0.687500 0.001543 0.013889
0 0.877315 0.659722 0.001543 0.013889
0 0.994599 0.645833 0.001543 0.013889
0 0.980710 0.645833 0.001543 0.013889
0 0.082562 0.590278 0.001543 0.013889
0 0.059414 0.562500 0.001543 0.013889
0 0.993056 0.548611 0.001543 0.013889
0 0.863426 0.520833 0.001543 0.013889
0 0.094907 0.520833 0.001543 0.013889
0 0.014660 0.506944 0.001543 0.013889
0 0.917438 0.465278 0.001543 0.013889
0 0.985340 0.451389 0.001543 0.013889
0 0.097994 0.437500 0.001543 0.013889
0 0.050154 0.437500 0.001543 0.013889
0 0.017747 0.437500 0.001543 0.013889
0 0.005401 0.409722 0.001543 0.013889
0 0.920525 0.395833 0.001543 0.013889
0 0.735340 0.381944 0.001543 0.013889
0 0.027006 0.368056 0.001543 0.013889
0 0.827932 0.354167 0.001543 0.013889
0 0.411265 0.354167 0.001543 0.013889
0 0.997685 0.326389 0.001543 0.013889
0 0.181327 0.326389 0.001543 0.013889
0 0.915895 0.312500 0.001543 0.013889
0 0.793981 0.312500 0.001543 0.013889
0 0.023920 0.298611 0.001543 0.013889
0 0.002315 0.284722 0.001543 0.013889
