0 0.756944 0.826389 0.001543 0.013889
0 0.704475 0.826389 0.001543 0.013889
0 0.993056 0.756944 0.001543 0.013889
0 0.087191 0.756944 0.001543 0.013889
0 0.045525 0.756944 0.001543 0.013889
0 0.010031 0.756944 0.001543 0.013889
0 0.773920 0.673611 0.001543 0.013889
0 0.136574 0.673611 0.001543 0.013889
0 0.746142 0.659722 0.001543 0.013889
0 0.116512 0.631944 0.001543 0.013889
0 0.060957 0.631944 0.001543 0.013889
0 0.891204 0.604167 0.001543 0.013889
0 0.954475 0.590278 0.001543 0.013889
0 0.852623 0.590278 0.001543 0.013889
0 0.972994 0.576389 0.001543 0.013889
0 0.206019 0.520833 0.001543 0.013889
0 0.101080 0.520833 0.001543 0.013889
0 0.034722 0.520833 0.001543 0.013889
0 0.013117 0.493056 0.001543 0.013889
0 0.959105 0.479167 0.001543 0.013889
0 0.989969 0.451389 0.001543 0.013889
0 0.934414 0.451389 0.001543 0.013889
0 0.068673 0.451389 0.001543 0.013889
0 0.167438 0.437500 0.001543 0.013889
0 0.110340 0.423611 0.001543 0.013889
0 0.895833 0.381944 0.001543 0.013889
0 0.039352 0.368056 0.001543 0.013889
0 0.956019 0.354167 0.001543 0.013889
0 0.997685 0.340278 0.001543 0.013889
0 0.837191 0.326389 0.001543 0.013889
0 0.071759 0.298611 0.001543 0.013889
0 0.244599 0.270833 0.001543 0.013889
