0 0.988426 0.840278 0.001543 0.013889
0 0.997685 0.812500 0.001543 0.013889
0 0.966821 0.798611 0.001543 0.013889
0 0.167438 0.756944 0.001543 0.013889
0 0.019290 0.756944 0.001543 0.013889
0 0.976080 0.729167 0.001543 0.013889
0 0.772377 0.729167 0.001543 0.013889
0 0.956019 0.659722 0.001543 0.013889
0 0.043981 0.659722 0.001543 0.013889
0 0.962191 0.645833 0.001543 0.013889
0 0.030093 0.631944 0.001543 0.013889
0 0.996142 0.618056 0.001543 0.013889
0 0.980710 0.604167 0.001543 0.013889
0 0.957562 0.576389 0.001543 0.013889
0 0.826389 0.576389 0.001543 0.013889
0 0.025463 0.576389 0.001543 0.013889
0 0.002315 0.576389 0.001543 0.013889
0 0.536265 0.562500 0.001543 0.013889
0 0.968364 0.548611 0.001543 0.013889
0 0.878858 0.534722 0.001543 0.013889
0 0.122685 0.534722 0.001543 0.013889
0 0.400463 0.520833 0.001543 0.013889
0 0.064043 0.520833 0.001543 0.013889
0 0.971451 0.479167 0.001543 0.013889
0 0.888117 0.465278 0.001543 0.013889
0 0.301698 0.465278 0.001543 0.013889
0 0.991512 0.451389 0.001543 0.013889
0 0.006944 0.451389 0.001543 0.013889
0 0.743056 0.423611 0.001543 0.013889
0 0.155093 0.409722 0.001543 0.013889
0 0.985340 0.368056 0.001543 0.013889
0 0.959105 0.368056 0.001543 0.013889
0 0.920525 0.354167 0.001543 0.013889
0 0.006944 0.326389 0.001543 0.013889
0 0.972994 0.312500 0.001543 0.013889
0 0.002315 0.256944 0.001543 0.013889
