0 0.954475 0.854167 0.001543 0.013889
0 0.968364 0.826389 0.001543 0.013889
0 0.908179 0.812500 0.001543 0.013889
0 0.769290 0.812500 0.001543 0.013889
0 0.431327 0.812500 0.001543 0.013889
0 0.976080 0.715278 0.001543 0.013889
0 0.116512 0.715278 0.001543 0.013889
0 0.002315 0.715278 0.001543 0.013889
0 0.226080 0.673611 0.001543 0.013889
0 0.994599 0.631944 0.001543 0.013889
0 0.741512 0.631944 0.001543 0.013889
0 0.006944 0.562500 0.001543 0.013889
0 0.986883 0.548611 0.001543 0.013889
0 0.861883 0.548611 0.001543 0.013889
0 0.968364 0.451389 0.001543 0.013889
0 0.057870 0.451389 0.001543 0.013889
0 0.895833 0.340278 0.001543 0.013889
0 0.985340 0.326389 0.001543 0.013889
0 0.959105 0.326389 0.001543 0.013889
0 0.883488 0.326389 0.001543 0.013889
0 0.866512 0.326389 0.001543 0.013889
0 0.852623 0.326389 0.001543 0.013889
0 0.400463 0.312500 0.001543 0.013889
0 0.051698 0.284722 0.001543 0.013889
