0 0.814043 0.826389 0.001543 0.013889
0 0.909722 0.812500 0.001543 0.013889
0 0.883488 0.812500 0.001543 0.013889
0 0.418981 0.784722 0.001543 0.013889
0 0.326389 0.770833 0.001543 0.013889
0 0.493056 0.756944 0.001543 0.013889
0 0.164352 0.756944 0.001543 0.013889
0 0.005401 0.756944 0.001543 0.013889
0 0.993056 0.743056 0.001543 0.013889
0 0.366512 0.715278 0.001543 0.013889
0 0.101080 0.715278 0.001543 0.013889
0 0.324846 0.701389 0.001543 0.013889
0 0.920525 0.687500 0.001543 0.013889
0 0.070216 0.687500 0.001543 0.013889
0 0.959105 0.645833 0.001543 0.013889
0 0.989969 0.631944 0.001543 0.013889
0 0.942130 0.631944 0.001543 0.013889
0 0.781636 0.604167 0.001543 0.013889
0 0.667438 0.604167 0.001543 0.013889
0 0.051698 0.604167 0.001543 0.013889
0 0.252315 0.548611 0.001543 0.013889
0 0.942130 0.534722 0.001543 0.013889
0 0.952932 0.520833 0.001543 0.013889
0 0.628858 0.520833 0.001543 0.013889
0 0.110340 0.520833 0.001543 0.013889
0 0.043981 0.520833 0.001543 0.013889
0 0.840278 0.493056 0.001543 0.013889
0 0.218364 0.493056 0.001543 0.013889
0 0.064043 0.479167 0.001543 0.013889
0 0.860340 0.465278 0.001543 0.013889
0 0.980710 0.451389 0.001543 0.013889
0 0.418981 0.409722 0.001543 0.013889
0 0.948302 0.395833 0.001543 0.013889
0 0.331019 0.395833 0.001543 0.013889
0 0.068673 0.395833 0.001543 0.013889
0 0.317130 0.381944 0.001543 0.013889
0 0.932870 0.368056 0.001543 0.013889
0 0.918981 0.368056 0.001543 0.013889
0 0.534722 0.368056 0.001543 0.013889
0 0.402006 0.368056 0.001543 0.013889
0 0.226080 0.368056 0.001543 0.013889
0 0.147377 0.354167 0.001543 0.013889
0 0.039352 0.354167 0.001543 0.013889
0 0.996142 0.340278 0.001543 0.013889
0 0.175154 0.326389 0.001543 0.013889
0 0.084105 0.326389 0.001543 0.013889
0 0.559414 0.312500 0.001543 0.013889
0 0.255401 0.312500 0.001543 0.013889
0 0.807870 0.298611 0.001543 0.013889
0 0.013117 0.298611 0.001543 0.013889
0 0.323302 0.284722 0.001543 0.013889
0 0.198302 0.284722 0.001543 0.013889
0 0.388117 0.270833 0.001543 0.013889
0 0.222994 0.256944 0.001543 0.013889
0 0.006944 0.256944 0.001543 0.013889
