0 0.989969 0.840278 0.001543 0.013889
0 0.971451 0.770833 0.001543 0.013889
0 0.934414 0.756944 0.001543 0.013889
0 0.872685 0.756944 0.001543 0.013889
0 0.099537 0.756944 0.001543 0.013889
0 0.016204 0.756944 0.001543 0.013889
0 0.190586 0.743056 0.001543 0.013889
0 0.067130 0.743056 0.001543 0.013889
0 0.173611 0.729167 0.001543 0.013889
0 0.010031 0.729167 0.001543 0.013889
0 0.608796 0.715278 0.001543 0.013889
0 0.039352 0.715278 0.001543 0.013889
0 0.993056 0.701389 0.001543 0.013889
0 0.693673 0.687500 0.001543 0.013889
0 0.022377 0.659722 0.001543 0.013889
0 0.982253 0.645833 0.001543 0.013889
0 0.769290 0.631944 0.001543 0.013889
0 0.252315 0.631944 0.001543 0.013889
0 0.000772 0.631944 0.001543 0.013889
0 0.139660 0.618056 0.001543 0.013889
0 0.959105 0.562500 0.001543 0.013889
0 0.019290 0.562500 0.001543 0.013889
0 0.844907 0.534722 0.001543 0.013889
0 0.985340 0.520833 0.001543 0.013889
0 0.125772 0.520833 0.001543 0.013889
0 0.207562 0.506944 0.001543 0.013889
0 0.013117 0.506944 0.001543 0.013889
0 0.997685 0.451389 0.001543 0.013889
0 0.914352 0.451389 0.001543 0.013889
0 0.871142 0.451389 0.001543 0.013889
0 0.635031 0.451389 0.001543 0.013889
0 0.065586 0.451389 0.001543 0.013889
0 0.823302 0.437500 0.001543 0.013889
0 0.972994 0.409722 0.001543 0.013889
0 0.605710 0.409722 0.001543 0.013889
0 0.097994 0.409722 0.001543 0.013889
0 0.860340 0.368056 0.001543 0.013889
0 0.977623 0.340278 0.001543 0.013889
0 0.945216 0.340278 0.001543 0.013889
0 0.997685 0.326389 0.001543 0.013889
0 0.966821 0.326389 0.001543 0.013889
0 0.906636 0.326389 0.001543 0.013889
0 0.102623 0.326389 0.001543 0.013889
0 0.335648 0.312500 0.001543 0.013889
0 0.135031 0.298611 0.001543 0.013889
0 0.034722 0.284722 0.001543 0.013889
0 0.013117 0.284722 0.001543 0.013889
0 0.156636 0.270833 0.001543 0.013889
