0 0.888117 0.826389 0.001543 0.013889
0 0.718364 0.812500 0.001543 0.013889
0 0.980710 0.770833 0.001543 0.013889
0 0.710648 0.756944 0.001543 0.013889
0 0.534722 0.756944 0.001543 0.013889
0 0.037809 0.756944 0.001543 0.013889
0 0.321759 0.729167 0.001543 0.013889
0 0.996142 0.645833 0.001543 0.013889
0 0.121142 0.604167 0.001543 0.013889
0 0.113426 0.576389 0.001543 0.013889
0 0.408179 0.534722 0.001543 0.013889
0 0.489969 0.520833 0.001543 0.013889
0 0.034722 0.520833 0.001543 0.013889
0 0.959105 0.493056 0.001543 0.013889
0 0.935957 0.493056 0.001543 0.013889
0 0.233796 0.493056 0.001543 0.013889
0 0.378858 0.465278 0.001543 0.013889
0 0.948302 0.451389 0.001543 0.013889
0 0.868056 0.451389 0.001543 0.013889
0 0.931327 0.409722 0.001543 0.013889
0 0.815586 0.409722 0.001543 0.013889
0 0.747685 0.409722 0.001543 0.013889
0 0.264660 0.409722 0.001543 0.013889
0 0.395833 0.381944 0.001543 0.013889
0 0.152006 0.368056 0.001543 0.013889
0 0.057870 0.368056 0.001543 0.013889
0 0.923611 0.326389 0.001543 0.013889
0 0.037809 0.326389 0.001543 0.013889
0 0.334105 0.312500 0.001543 0.013889
0 0.306327 0.312500 0.001543 0.013889
0 0.392747 0.298611 0.001543 0.013889
0 0.108796 0.298611 0.001543 0.013889
0 0.525463 0.284722 0.001543 0.013889
0 0.074846 0.270833 0.001543 0.013889
0 0.116512 0.256944 0.001543 0.013889
0 0.101080 0.256944 0.001543 0.013889
