0 0.997685 0.840278 0.001543 0.013889
0 0.011574 0.770833 0.001543 0.013889
0 0.712191 0.715278 0.001543 0.013889
0 0.645833 0.715278 0.001543 0.013889
0 0.327932 0.673611 0.001543 0.013889
0 0.241512 0.673611 0.001543 0.013889
0 0.846451 0.631944 0.001543 0.013889
0 0.398920 0.604167 0.001543 0.013889
0 0.042438 0.604167 0.001543 0.013889
0 0.148920 0.520833 0.001543 0.013889
0 0.986883 0.451389 0.001543 0.013889
0 0.877315 0.451389 0.001543 0.013889
0 0.187500 0.451389 0.001543 0.013889
0 0.252315 0.437500 0.001543 0.013889
0 0.451389 0.409722 0.001543 0.013889
0 0.962191 0.395833 0.001543 0.013889
0 0.397377 0.381944 0.001543 0.013889
0 0.939043 0.368056 0.001543 0.013889
0 0.195216 0.368056 0.001543 0.013889
0 0.161265 0.368056 0.001543 0.013889
0 0.851080 0.354167 0.001543 0.013889
0 0.954475 0.326389 0.001543 0.013889
0 0.358796 0.326389 0.001543 0.013889
0 0.040895 0.312500 0.001543 0.013889
0 0.522377 0.298611 0.001543 0.013889
0 0.022377 0.270833 0.001543 0.013889
0 0.006944 0.270833 0.001543 0.013889
0 0.263117 0.256944 0.001543 0.013889
0 0.062500 0.256944 0.001543 0.013889
0 0.036265 0.256944 0.001543 0.013889
