0 0.875772 0.840278 0.001543 0.013889
0 0.996142 0.826389 0.001543 0.013889
0 0.667438 0.798611 0.001543 0.013889
0 0.628858 0.798611 0.001543 0.013889
0 0.790895 0.756944 0.001543 0.013889
0 0.344907 0.756944 0.001543 0.013889
0 0.156636 0.756944 0.001543 0.013889
0 0.392747 0.743056 0.001543 0.013889
0 0.972994 0.715278 0.001543 0.013889
0 0.824846 0.715278 0.001543 0.013889
0 0.672068 0.701389 0.001543 0.013889
0 0.054784 0.701389 0.001543 0.013889
0 0.332562 0.673611 0.001543 0.013889
0 0.491512 0.631944 0.001543 0.013889
0 0.065586 0.618056 0.001543 0.013889
0 0.179784 0.604167 0.001543 0.013889
0 0.043981 0.576389 0.001543 0.013889
0 0.818673 0.562500 0.001543 0.013889
0 0.428241 0.562500 0.001543 0.013889
0 0.065586 0.520833 0.001543 0.013889
0 0.821759 0.493056 0.001543 0.013889
0 0.167438 0.493056 0.001543 0.013889
0 0.957562 0.479167 0.001543 0.013889
0 0.420525 0.479167 0.001543 0.013889
0 0.806327 0.451389 0.001543 0.013889
0 0.650463 0.451389 0.001543 0.013889
0 0.398920 0.451389 0.001543 0.013889
0 0.340278 0.451389 0.001543 0.013889
0 0.224537 0.451389 0.001543 0.013889
0 0.125772 0.451389 0.001543 0.013889
0 0.764660 0.409722 0.001543 0.013889
0 0.439043 0.409722 0.001543 0.013889
0 0.185957 0.409722 0.001543 0.013889
0 0.894290 0.395833 0.001543 0.013889
0 0.662809 0.395833 0.001543 0.013889
0 0.835648 0.381944 0.001543 0.013889
0 0.351080 0.368056 0.001543 0.013889
0 0.244599 0.368056 0.001543 0.013889
0 0.204475 0.368056 0.001543 0.013889
0 0.993056 0.340278 0.001543 0.013889
0 0.949846 0.326389 0.001543 0.013889
0 0.885031 0.326389 0.001543 0.013889
0 0.823302 0.326389 0.001543 0.013889
0 0.417438 0.326389 0.001543 0.013889
0 0.261574 0.326389 0.001543 0.013889
0 0.033179 0.326389 0.001543 0.013889
0 0.832562 0.312500 0.001543 0.013889
0 0.298611 0.312500 0.001543 0.013889
0 0.861883 0.298611 0.001543 0.013889
0 0.698302 0.298611 0.001543 0.013889
0 0.574846 0.298611 0.001543 0.013889
0 0.468364 0.298611 0.001543 0.013889
0 0.357253 0.298611 0.001543 0.013889
0 0.284722 0.298611 0.001543 0.013889
0 0.104167 0.298611 0.001543 0.013889
0 0.270833 0.270833 0.001543 0.013889
0 0.116512 0.270833 0.001543 0.013889
0 0.076389 0.256944 0.001543 0.013889
