0 0.993056 0.854167 0.001543 0.013889
0 0.985340 0.812500 0.001543 0.013889
0 0.932870 0.812500 0.001543 0.013889
0 0.065586 0.784722 0.001543 0.013889
0 0.550154 0.770833 0.001543 0.013889
0 0.996142 0.756944 0.001543 0.013889
0 0.050154 0.756944 0.001543 0.013889
0 0.064043 0.715278 0.001543 0.013889
0 0.963735 0.659722 0.001543 0.013889
0 0.935957 0.631944 0.001543 0.013889
0 0.209105 0.631944 0.001543 0.013889
0 0.406636 0.576389 0.001543 0.013889
0 0.070216 0.576389 0.001543 0.013889
0 0.956019 0.562500 0.001543 0.013889
0 0.939043 0.534722 0.001543 0.013889
0 0.983796 0.506944 0.001543 0.013889
0 0.002315 0.479167 0.001543 0.013889
0 0.871142 0.423611 0.001543 0.013889
0 0.843364 0.354167 0.001543 0.013889
0 0.956019 0.340278 0.001543 0.013889
0 0.014660 0.340278 0.001543 0.013889
0 0.985340 0.326389 0.001543 0.013889
0 0.790895 0.326389 0.001543 0.013889
0 0.047068 0.326389 0.001543 0.013889
0 0.935957 0.312500 0.001543 0.013889
0 0.702932 0.312500 0.001543 0.013889
0 0.139660 0.270833 0.001543 0.013889
0 0.011574 0.256944 0.001543 0.013889
