0 0.966821 0.840278 0.001543 0.013889
0 0.797068 0.840278 0.001543 0.013889
0 0.934414 0.826389 0.001543 0.013889
0 0.820216 0.826389 0.001543 0.013889
0 0.361883 0.756944 0.001543 0.013889
0 0.298611 0.756944 0.001543 0.013889
0 0.090278 0.756944 0.001543 0.013889
0 0.065586 0.756944 0.001543 0.013889
0 0.957562 0.743056 0.001543 0.013889
0 0.991512 0.715278 0.001543 0.013889
0 0.878858 0.618056 0.001543 0.013889
0 0.749228 0.590278 0.001543 0.013889
0 0.013117 0.590278 0.001543 0.013889
0 0.991512 0.562500 0.001543 0.013889
0 0.158179 0.562500 0.001543 0.013889
0 0.951389 0.520833 0.001543 0.013889
0 0.011574 0.465278 0.001543 0.013889
0 0.976080 0.451389 0.001543 0.013889
0 0.392747 0.451389 0.001543 0.013889
0 0.101080 0.451389 0.001543 0.013889
0 0.806327 0.368056 0.001543 0.013889
0 0.960648 0.312500 0.001543 0.013889
0 0.077932 0.298611 0.001543 0.013889
0 0.065586 0.298611 0.001543 0.013889
0 0.527006 0.284722 0.001543 0.013889
