0 0.925154 0.840278 0.001543 0.013889
0 0.540895 0.798611 0.001543 0.013889
0 0.894290 0.770833 0.001543 0.013889
0 0.820216 0.673611 0.001543 0.013889
0 0.184414 0.631944 0.001543 0.013889
0 0.923611 0.604167 0.001543 0.013889
0 0.048611 0.576389 0.001543 0.013889
0 0.979167 0.562500 0.001543 0.013889
0 0.903549 0.562500 0.001543 0.013889
0 0.017747 0.479167 0.001543 0.013889
0 0.881944 0.423611 0.001543 0.013889
0 0.739969 0.409722 0.001543 0.013889
0 0.107253 0.395833 0.001543 0.013889
0 0.684414 0.381944 0.001543 0.013889
0 0.006944 0.368056 0.001543 0.013889
0 0.925154 0.326389 0.001543 0.013889
0 0.261574 0.326389 0.001543 0.013889
0 0.744599 0.312500 0.001543 0.013889
0 0.696759 0.312500 0.001543 0.013889
