0 0.911265 0.701389 0.001543 0.013889
0 0.361883 0.701389 0.001543 0.013889
0 0.749228 0.687500 0.001543 0.013889
0 0.107253 0.673611 0.001543 0.013889
0 0.170525 0.645833 0.001543 0.013889
0 0.005401 0.631944 0.001543 0.013889
0 0.179784 0.604167 0.001543 0.013889
0 0.065586 0.534722 0.001543 0.013889
0 0.993056 0.520833 0.001543 0.013889
0 0.956019 0.520833 0.001543 0.013889
0 0.125772 0.493056 0.001543 0.013889
0 0.409722 0.479167 0.001543 0.013889
0 0.138117 0.409722 0.001543 0.013889
0 0.993056 0.381944 0.001543 0.013889
0 0.395833 0.381944 0.001543 0.013889
0 0.772377 0.354167 0.001543 0.013889
0 0.361883 0.354167 0.001543 0.013889
0 0.189043 0.326389 0.001543 0.013889
0 0.820216 0.312500 0.001543 0.013889
0 0.017747 0.298611 0.001543 0.013889
0 0.519290 0.284722 0.001543 0.013889
0 0.292438 0.270833 0.001543 0.013889
0 0.006944 0.270833 0.001543 0.013889
