0 0.954475 0.826389 0.001543 0.013889
0 0.968364 0.812500 0.001543 0.013889
0 0.852623 0.798611 0.001543 0.013889
0 0.895833 0.756944 0.001543 0.013889
0 0.982253 0.743056 0.001543 0.013889
0 0.999228 0.701389 0.001543 0.013889
0 0.062500 0.673611 0.001543 0.013889
0 0.093364 0.618056 0.001543 0.013889
0 0.034722 0.618056 0.001543 0.013889
0 0.113426 0.562500 0.001543 0.013889
0 0.070216 0.562500 0.001543 0.013889
0 0.209105 0.506944 0.001543 0.013889
0 0.085648 0.479167 0.001543 0.013889
0 0.099537 0.437500 0.001543 0.013889
0 0.133488 0.409722 0.001543 0.013889
0 0.817130 0.340278 0.001543 0.013889
0 0.997685 0.326389 0.001543 0.013889
0 0.548611 0.326389 0.001543 0.013889
0 0.942130 0.312500 0.001543 0.013889
