0 0.993056 0.840278 0.001543 0.013889
0 0.956019 0.840278 0.001543 0.013889
0 0.894290 0.840278 0.001543 0.013889
0 0.810957 0.840278 0.001543 0.013889
0 0.102623 0.756944 0.001543 0.013889
0 0.815586 0.715278 0.001543 0.013889
0 0.064043 0.687500 0.001543 0.013889
0 0.101080 0.631944 0.001543 0.013889
0 0.002315 0.590278 0.001543 0.013889
0 0.902006 0.562500 0.001543 0.013889
0 0.752315 0.562500 0.001543 0.013889
0 0.206019 0.520833 0.001543 0.013889
0 0.989969 0.479167 0.001543 0.013889
0 0.006944 0.479167 0.001543 0.013889
0 0.111883 0.451389 0.001543 0.013889
0 0.096451 0.451389 0.001543 0.013889
0 0.087191 0.437500 0.001543 0.013889
0 0.153549 0.395833 0.001543 0.013889
0 0.074846 0.368056 0.001543 0.013889
0 0.959105 0.340278 0.001543 0.013889
0 0.696759 0.298611 0.001543 0.013889
