0 0.994599 0.840278 0.001543 0.013889
0 0.926698 0.840278 0.001543 0.013889
0 0.886574 0.812500 0.001543 0.013889
0 0.704475 0.812500 0.001543 0.013889
0 0.485340 0.798611 0.001543 0.013889
0 0.560957 0.756944 0.001543 0.013889
0 0.351080 0.756944 0.001543 0.013889
0 0.165895 0.756944 0.001543 0.013889
0 0.858796 0.743056 0.001543 0.013889
0 0.809414 0.729167 0.001543 0.013889
0 0.520833 0.715278 0.001543 0.013889
0 0.107253 0.715278 0.001543 0.013889
0 0.948302 0.687500 0.001543 0.013889
0 0.005401 0.659722 0.001543 0.013889
0 0.048611 0.645833 0.001543 0.013889
0 0.760031 0.631944 0.001543 0.013889
0 0.335648 0.631944 0.001543 0.013889
0 0.145833 0.618056 0.001543 0.013889
0 0.239969 0.576389 0.001543 0.013889
0 0.031636 0.576389 0.001543 0.013889
0 0.662809 0.548611 0.001543 0.013889
0 0.952932 0.520833 0.001543 0.013889
0 0.104167 0.520833 0.001543 0.013889
0 0.230710 0.506944 0.001543 0.013889
0 0.454475 0.493056 0.001543 0.013889
0 0.141204 0.493056 0.001543 0.013889
0 0.985340 0.479167 0.001543 0.013889
0 0.815586 0.479167 0.001543 0.013889
0 0.689043 0.479167 0.001543 0.013889
0 0.497685 0.479167 0.001543 0.013889
0 0.073302 0.479167 0.001543 0.013889
0 0.402006 0.465278 0.001543 0.013889
0 0.206019 0.465278 0.001543 0.013889
0 0.301698 0.451389 0.001543 0.013889
0 0.334105 0.423611 0.001543 0.013889
0 0.426698 0.409722 0.001543 0.013889
0 0.772377 0.395833 0.001543 0.013889
0 0.684414 0.395833 0.001543 0.013889
0 0.286265 0.395833 0.001543 0.013889
0 0.834105 0.381944 0.001543 0.013889
0 0.959105 0.368056 0.001543 0.013889
0 0.236883 0.354167 0.001543 0.013889
0 0.222994 0.354167 0.001543 0.013889
0 0.739969 0.340278 0.001543 0.013889
0 0.631944 0.340278 0.001543 0.013889
0 0.826389 0.326389 0.001543 0.013889
0 0.804784 0.326389 0.001543 0.013889
0 0.650463 0.326389 0.001543 0.013889
0 0.591821 0.326389 0.001543 0.013889
0 0.264660 0.326389 0.001543 0.013889
0 0.304784 0.312500 0.001543 0.013889
0 0.584105 0.284722 0.001543 0.013889
0 0.440586 0.284722 0.001543 0.013889
0 0.405093 0.284722 0.001543 0.013889
0 0.358796 0.284722 0.001543 0.013889
0 0.327932 0.284722 0.001543 0.013889
0 0.312500 0.270833 0.001543 0.013889
0 0.121142 0.256944 0.001543 0.013889
