0 0.242969 0.961458 0.001563 0.002083
0 0.016406 0.765625 0.001563 0.002083
0 0.966406 0.740625 0.001563 0.002083
0 0.172656 0.711458 0.001563 0.002083
0 0.058594 0.678125 0.001563 0.002083
0 0.291406 0.665625 0.001563 0.002083
0 0.141406 0.651042 0.001563 0.002083
0 0.713281 0.642708 0.001563 0.002083
0 0.350781 0.619792 0.001563 0.002083
0 0.611719 0.607292 0.001563 0.002083
0 0.628906 0.605208 0.001563 0.002083
0 0.108594 0.598958 0.001563 0.002083
0 0.657031 0.565625 0.001563 0.002083
0 0.128906 0.542708 0.001563 0.002083
0 0.050781 0.496875 0.001563 0.002083
0 0.366406 0.361458 0.001563 0.002083
0 0.202344 0.355208 0.001563 0.002083
0 0.283594 0.338542 0.001563 0.002083
0 0.533594 0.269792 0.001563 0.002083
0 0.957031 0.236458 0.001563 0.002083
0 0.010156 0.226042 0.001563 0.002083
0 0.327344 0.221875 0.001563 0.002083
0 0.125781 0.105208 0.001563 0.002083
0 0.382031 0.055208 0.001563 0.002083
0 0.560156 0.034375 0.001563 0.002083
