0 0.486719 0.978125 0.001563 0.002083
0 0.978906 0.971875 0.001563 0.002083
0 0.152344 0.911458 0.001563 0.002083
0 0.283594 0.894792 0.001563 0.002083
0 0.036719 0.894792 0.001563 0.002083
0 0.882031 0.873958 0.001563 0.002083
0 0.299219 0.867708 0.001563 0.002083
0 0.614844 0.865625 0.001563 0.002083
0 0.266406 0.765625 0.001563 0.002083
0 0.621094 0.751042 0.001563 0.002083
0 0.946094 0.734375 0.001563 0.002083
0 0.452344 0.711458 0.001563 0.002083
0 0.991406 0.590625 0.001563 0.002083
0 0.841406 0.521875 0.001563 0.002083
0 0.688281 0.488542 0.001563 0.002083
0 0.163281 0.461458 0.001563 0.002083
0 0.686719 0.407292 0.001563 0.002083
0 0.132031 0.392708 0.001563 0.002083
0 0.585156 0.353125 0.001563 0.002083
0 0.847656 0.230208 0.001563 0.002083
0 0.024219 0.226042 0.001563 0.002083
0 0.942969 0.221875 0.001563 0.002083
0 0.630469 0.219792 0.001563 0.002083
0 0.083594 0.217708 0.001563 0.002083
0 0.421094 0.173958 0.001563 0.002083
0 0.310156 0.146875 0.001563 0.002083
0 0.685156 0.078125 0.001563 0.002083
0 0.327344 0.071875 0.001563 0.002083
0 0.583594 0.034375 0.001563 0.002083
0 0.510156 0.011458 0.001563 0.002083
