0 0.474219 0.959375 0.001563 0.002083
0 0.402344 0.917708 0.001563 0.002083
0 0.116406 0.917708 0.001563 0.002083
0 0.302344 0.915625 0.001563 0.002083
0 0.149219 0.807292 0.001563 0.002083
0 0.750781 0.805208 0.001563 0.002083
0 0.544531 0.755208 0.001563 0.002083
0 0.288281 0.734375 0.001563 0.002083
0 0.530469 0.638542 0.001563 0.002083
0 0.410156 0.561458 0.001563 0.002083
0 0.988281 0.538542 0.001563 0.002083
0 0.847656 0.526042 0.001563 0.002083
0 0.778906 0.519792 0.001563 0.002083
0 0.992969 0.438542 0.001563 0.002083
0 0.763281 0.401042 0.001563 0.002083
0 0.294531 0.369792 0.001563 0.002083
0 0.628906 0.361458 0.001563 0.002083
0 0.483594 0.342708 0.001563 0.002083
0 0.789844 0.313542 0.001563 0.002083
0 0.707031 0.303125 0.001563 0.002083
0 0.119531 0.301042 0.001563 0.002083
0 0.511719 0.294792 0.001563 0.002083
0 0.530469 0.209375 0.001563 0.002083
0 0.016406 0.205208 0.001563 0.002083
0 0.941406 0.203125 0.001563 0.002083
0 0.488281 0.117708 0.001563 0.002083
0 0.266406 0.078125 0.001563 0.002083
0 0.088281 0.044792 0.001563 0.002083
