0 0.258594 0.807292 0.001563 0.002083
0 0.672656 0.784375 0.001563 0.002083
0 0.480469 0.759375 0.001563 0.002083
0 0.285156 0.755208 0.001563 0.002083
0 0.175781 0.751042 0.001563 0.002083
0 0.522656 0.726042 0.001563 0.002083
0 0.767969 0.698958 0.001563 0.002083
0 0.542969 0.623958 0.001563 0.002083
0 0.777344 0.596875 0.001563 0.002083
0 0.591406 0.569792 0.001563 0.002083
0 0.869531 0.496875 0.001563 0.002083
0 0.630469 0.494792 0.001563 0.002083
0 0.250781 0.359375 0.001563 0.002083
0 0.339844 0.334375 0.001563 0.002083
0 0.463281 0.292708 0.001563 0.002083
0 0.499219 0.155208 0.001563 0.002083
0 0.122656 0.140625 0.001563 0.002083
0 0.683594 0.113542 0.001563 0.002083
0 0.858594 0.094792 0.001563 0.002083
0 0.561719 0.069792 0.001563 0.002083
0 0.516406 0.026042 0.001563 0.002083
0 0.288281 0.023958 0.001563 0.002083
