0 0.169531 0.992708 0.001563 0.002083
0 0.008594 0.923958 0.001563 0.002083
0 0.883594 0.913542 0.001563 0.002083
0 0.085156 0.913542 0.001563 0.002083
0 0.964844 0.896875 0.001563 0.002083
0 0.913281 0.846875 0.001563 0.002083
0 0.266406 0.840625 0.001563 0.002083
0 0.969531 0.821875 0.001563 0.002083
0 0.957031 0.742708 0.001563 0.002083
0 0.016406 0.648958 0.001563 0.002083
0 0.416406 0.605208 0.001563 0.002083
0 0.435156 0.586458 0.001563 0.002083
0 0.283594 0.567708 0.001563 0.002083
0 0.122656 0.457292 0.001563 0.002083
0 0.652344 0.423958 0.001563 0.002083
0 0.611719 0.419792 0.001563 0.002083
0 0.110156 0.401042 0.001563 0.002083
0 0.236719 0.365625 0.001563 0.002083
0 0.946094 0.292708 0.001563 0.002083
0 0.057031 0.159375 0.001563 0.002083
0 0.853906 0.155208 0.001563 0.002083
0 0.692969 0.098958 0.001563 0.002083
0 0.321094 0.073958 0.001563 0.002083
0 0.735156 0.015625 0.001563 0.002083
0 0.082031 0.015625 0.001563 0.002083
0 0.661719 0.011458 0.001563 0.002083
