0 0.358594 0.934375 0.001563 0.002083
0 0.397656 0.928125 0.001563 0.002083
0 0.592969 0.905208 0.001563 0.002083
0 0.835156 0.892708 0.001563 0.002083
0 0.063281 0.880208 0.001563 0.002083
0 0.217969 0.801042 0.001563 0.002083
0 0.936719 0.784375 0.001563 0.002083
0 0.319531 0.767708 0.001563 0.002083
0 0.686719 0.717708 0.001563 0.002083
0 0.913281 0.701042 0.001563 0.002083
0 0.413281 0.644792 0.001563 0.002083
0 0.963281 0.642708 0.001563 0.002083
0 0.027344 0.642708 0.001563 0.002083
0 0.178906 0.588542 0.001563 0.002083
0 0.296094 0.584375 0.001563 0.002083
0 0.557031 0.546875 0.001563 0.002083
0 0.619531 0.478125 0.001563 0.002083
0 0.294531 0.465625 0.001563 0.002083
0 0.832031 0.407292 0.001563 0.002083
0 0.714844 0.401042 0.001563 0.002083
0 0.392969 0.359375 0.001563 0.002083
0 0.735156 0.330208 0.001563 0.002083
0 0.105469 0.286458 0.001563 0.002083
0 0.730469 0.251042 0.001563 0.002083
0 0.463281 0.221875 0.001563 0.002083
0 0.813281 0.084375 0.001563 0.002083
0 0.241406 0.082292 0.001563 0.002083
0 0.489844 0.019792 0.001563 0.002083
