0 0.428906 0.971875 0.001563 0.002083
0 0.517969 0.930208 0.001563 0.002083
0 0.269531 0.878125 0.001563 0.002083
0 0.760156 0.811458 0.001563 0.002083
0 0.007031 0.796875 0.001563 0.002083
0 0.591406 0.736458 0.001563 0.002083
0 0.407031 0.723958 0.001563 0.002083
0 0.336719 0.721875 0.001563 0.002083
0 0.102344 0.719792 0.001563 0.002083
0 0.461719 0.707292 0.001563 0.002083
0 0.058594 0.690625 0.001563 0.002083
0 0.738281 0.623958 0.001563 0.002083
0 0.532031 0.623958 0.001563 0.002083
0 0.008594 0.534375 0.001563 0.002083
0 0.491406 0.521875 0.001563 0.002083
0 0.369531 0.501042 0.001563 0.002083
0 0.889844 0.486458 0.001563 0.002083
0 0.936719 0.482292 0.001563 0.002083
0 0.742969 0.436458 0.001563 0.002083
0 0.017969 0.409375 0.001563 0.002083
0 0.560156 0.351042 0.001563 0.002083
0 0.421094 0.209375 0.001563 0.002083
0 0.021094 0.203125 0.001563 0.002083
0 0.110156 0.201042 0.001563 0.002083
0 0.257031 0.082292 0.001563 0.002083
0 0.741406 0.076042 0.001563 0.002083
0 0.694531 0.036458 0.001563 0.002083
