0 0.677344 0.988542 0.001563 0.002083
0 0.603906 0.988542 0.001563 0.002083
0 0.430469 0.978125 0.001563 0.002083
0 0.985156 0.878125 0.001563 0.002083
0 0.910156 0.865625 0.001563 0.002083
0 0.686719 0.861458 0.001563 0.002083
0 0.482031 0.813542 0.001563 0.002083
0 0.432031 0.778125 0.001563 0.002083
0 0.228906 0.761458 0.001563 0.002083
0 0.907031 0.686458 0.001563 0.002083
0 0.691406 0.663542 0.001563 0.002083
0 0.847656 0.648958 0.001563 0.002083
0 0.432031 0.628125 0.001563 0.002083
0 0.299219 0.565625 0.001563 0.002083
0 0.064844 0.557292 0.001563 0.002083
0 0.546094 0.507292 0.001563 0.002083
0 0.147656 0.488542 0.001563 0.002083
0 0.649219 0.478125 0.001563 0.002083
0 0.189844 0.455208 0.001563 0.002083
0 0.775781 0.361458 0.001563 0.002083
0 0.199219 0.332292 0.001563 0.002083
0 0.269531 0.296875 0.001563 0.002083
0 0.052344 0.296875 0.001563 0.002083
0 0.417969 0.240625 0.001563 0.002083
0 0.266406 0.228125 0.001563 0.002083
0 0.966406 0.219792 0.001563 0.002083
0 0.646094 0.198958 0.001563 0.002083
0 0.242969 0.111458 0.001563 0.002083
0 0.727344 0.098958 0.001563 0.002083
0 0.782031 0.063542 0.001563 0.002083
0 0.817969 0.017708 0.001563 0.002083
