0 0.060156 0.963542 0.001563 0.002083
0 0.369531 0.961458 0.001563 0.002083
0 0.032031 0.907292 0.001563 0.002083
0 0.288281 0.884375 0.001563 0.002083
0 0.078906 0.840625 0.001563 0.002083
0 0.274219 0.801042 0.001563 0.002083
0 0.507031 0.788542 0.001563 0.002083
0 0.063281 0.726042 0.001563 0.002083
0 0.130469 0.707292 0.001563 0.002083
0 0.428906 0.692708 0.001563 0.002083
0 0.605469 0.678125 0.001563 0.002083
0 0.392969 0.576042 0.001563 0.002083
0 0.183594 0.542708 0.001563 0.002083
0 0.267969 0.530208 0.001563 0.002083
0 0.171094 0.434375 0.001563 0.002083
0 0.667969 0.405208 0.001563 0.002083
0 0.507031 0.317708 0.001563 0.002083
0 0.344531 0.282292 0.001563 0.002083
0 0.557031 0.238542 0.001563 0.002083
0 0.633594 0.219792 0.001563 0.002083
0 0.427344 0.205208 0.001563 0.002083
0 0.161719 0.119792 0.001563 0.002083
0 0.610156 0.023958 0.001563 0.002083
0 0.341406 0.015625 0.001563 0.002083
