0 0.227344 0.984375 0.001563 0.002083
0 0.353906 0.973958 0.001563 0.002083
0 0.394531 0.909375 0.001563 0.002083
0 0.477344 0.842708 0.001563 0.002083
0 0.394531 0.796875 0.001563 0.002083
0 0.816406 0.792708 0.001563 0.002083
0 0.932031 0.788542 0.001563 0.002083
0 0.032031 0.726042 0.001563 0.002083
0 0.219531 0.711458 0.001563 0.002083
0 0.180469 0.678125 0.001563 0.002083
0 0.047656 0.661458 0.001563 0.002083
0 0.572656 0.648958 0.001563 0.002083
0 0.960156 0.621875 0.001563 0.002083
0 0.203906 0.615625 0.001563 0.002083
0 0.535156 0.605208 0.001563 0.002083
0 0.363281 0.601042 0.001563 0.002083
0 0.721094 0.594792 0.001563 0.002083
0 0.267969 0.559375 0.001563 0.002083
0 0.866406 0.515625 0.001563 0.002083
0 0.721094 0.501042 0.001563 0.002083
0 0.635156 0.492708 0.001563 0.002083
0 0.874219 0.451042 0.001563 0.002083
0 0.203906 0.417708 0.001563 0.002083
0 0.367969 0.409375 0.001563 0.002083
0 0.755469 0.384375 0.001563 0.002083
0 0.391406 0.351042 0.001563 0.002083
0 0.678906 0.296875 0.001563 0.002083
0 0.908594 0.205208 0.001563 0.002083
0 0.049219 0.188542 0.001563 0.002083
