0 0.721094 0.948958 0.001563 0.002083
0 0.438281 0.867708 0.001563 0.002083
0 0.167969 0.861458 0.001563 0.002083
0 0.857031 0.838542 0.001563 0.002083
0 0.703906 0.838542 0.001563 0.002083
0 0.071094 0.757292 0.001563 0.002083
0 0.228906 0.713542 0.001563 0.002083
0 0.750781 0.682292 0.001563 0.002083
0 0.932031 0.653125 0.001563 0.002083
0 0.238281 0.638542 0.001563 0.002083
0 0.577344 0.594792 0.001563 0.002083
0 0.194531 0.588542 0.001563 0.002083
0 0.077344 0.440625 0.001563 0.002083
0 0.867969 0.346875 0.001563 0.002083
0 0.549219 0.317708 0.001563 0.002083
0 0.796094 0.292708 0.001563 0.002083
0 0.636719 0.280208 0.001563 0.002083
0 0.327344 0.278125 0.001563 0.002083
0 0.088281 0.261458 0.001563 0.002083
0 0.572656 0.253125 0.001563 0.002083
0 0.988281 0.178125 0.001563 0.002083
0 0.383594 0.096875 0.001563 0.002083
0 0.736719 0.071875 0.001563 0.002083
