0 0.330469 0.994792 0.001563 0.002083
0 0.128906 0.988542 0.001563 0.002083
0 0.219531 0.961458 0.001563 0.002083
0 0.602344 0.944792 0.001563 0.002083
0 0.283594 0.907292 0.001563 0.002083
0 0.375781 0.807292 0.001563 0.002083
0 0.663281 0.790625 0.001563 0.002083
0 0.911719 0.757292 0.001563 0.002083
0 0.227344 0.753125 0.001563 0.002083
0 0.271094 0.744792 0.001563 0.002083
0 0.550781 0.726042 0.001563 0.002083
0 0.267969 0.659375 0.001563 0.002083
0 0.327344 0.571875 0.001563 0.002083
0 0.310156 0.511458 0.001563 0.002083
0 0.169531 0.496875 0.001563 0.002083
0 0.467969 0.463542 0.001563 0.002083
0 0.275781 0.417708 0.001563 0.002083
0 0.399219 0.409375 0.001563 0.002083
0 0.839844 0.342708 0.001563 0.002083
0 0.139844 0.319792 0.001563 0.002083
0 0.753906 0.267708 0.001563 0.002083
0 0.135156 0.173958 0.001563 0.002083
0 0.180469 0.171875 0.001563 0.002083
0 0.847656 0.159375 0.001563 0.002083
0 0.675781 0.148958 0.001563 0.002083
0 0.813281 0.111458 0.001563 0.002083
0 0.069531 0.078125 0.001563 0.002083
