0 0.758594 0.963542 0.001563 0.002083
0 0.372656 0.913542 0.001563 0.002083
0 0.677344 0.911458 0.001563 0.002083
0 0.644531 0.851042 0.001563 0.002083
0 0.149219 0.821875 0.001563 0.002083
0 0.733594 0.773958 0.001563 0.002083
0 0.191406 0.711458 0.001563 0.002083
0 0.466406 0.705208 0.001563 0.002083
0 0.275781 0.686458 0.001563 0.002083
0 0.532031 0.680208 0.001563 0.002083
0 0.146094 0.659375 0.001563 0.002083
0 0.799219 0.648958 0.001563 0.002083
0 0.382031 0.626042 0.001563 0.002083
0 0.205469 0.617708 0.001563 0.002083
0 0.122656 0.615625 0.001563 0.002083
0 0.061719 0.563542 0.001563 0.002083
0 0.635156 0.503125 0.001563 0.002083
0 0.546094 0.492708 0.001563 0.002083
0 0.455469 0.476042 0.001563 0.002083
0 0.600781 0.465625 0.001563 0.002083
0 0.708594 0.421875 0.001563 0.002083
0 0.728906 0.359375 0.001563 0.002083
0 0.939844 0.351042 0.001563 0.002083
0 0.510156 0.340625 0.001563 0.002083
0 0.041406 0.190625 0.001563 0.002083
0 0.272656 0.144792 0.001563 0.002083
0 0.142969 0.132292 0.001563 0.002083
0 0.586719 0.126042 0.001563 0.002083
0 0.574219 0.063542 0.001563 0.002083
