0 0.091406 0.961458 0.001563 0.002083
0 0.707031 0.898958 0.001563 0.002083
0 0.053906 0.823958 0.001563 0.002083
0 0.092969 0.759375 0.001563 0.002083
0 0.285156 0.680208 0.001563 0.002083
0 0.835156 0.642708 0.001563 0.002083
0 0.342969 0.613542 0.001563 0.002083
0 0.739844 0.588542 0.001563 0.002083
0 0.336719 0.534375 0.001563 0.002083
0 0.921094 0.453125 0.001563 0.002083
0 0.830469 0.446875 0.001563 0.002083
0 0.146094 0.428125 0.001563 0.002083
0 0.850781 0.248958 0.001563 0.002083
0 0.052344 0.138542 0.001563 0.002083
0 0.752344 0.098958 0.001563 0.002083
0 0.822656 0.059375 0.001563 0.002083
