0 0.803906 0.976042 0.001563 0.002083
0 0.838281 0.967708 0.001563 0.002083
0 0.525781 0.959375 0.001563 0.002083
0 0.589844 0.948958 0.001563 0.002083
0 0.878906 0.919792 0.001563 0.002083
0 0.938281 0.898958 0.001563 0.002083
0 0.796094 0.898958 0.001563 0.002083
0 0.357031 0.880208 0.001563 0.002083
0 0.455469 0.857292 0.001563 0.002083
0 0.908594 0.851042 0.001563 0.002083
0 0.286719 0.828125 0.001563 0.002083
0 0.377344 0.809375 0.001563 0.002083
0 0.547656 0.796875 0.001563 0.002083
0 0.849219 0.790625 0.001563 0.002083
0 0.600781 0.776042 0.001563 0.002083
0 0.089844 0.769792 0.001563 0.002083
0 0.383594 0.759375 0.001563 0.002083
0 0.300781 0.648958 0.001563 0.002083
0 0.178906 0.609375 0.001563 0.002083
0 0.219531 0.592708 0.001563 0.002083
0 0.407031 0.582292 0.001563 0.002083
0 0.769531 0.578125 0.001563 0.002083
0 0.632031 0.578125 0.001563 0.002083
0 0.508594 0.571875 0.001563 0.002083
0 0.978906 0.511458 0.001563 0.002083
0 0.155469 0.486458 0.001563 0.002083
0 0.721094 0.444792 0.001563 0.002083
0 0.514844 0.371875 0.001563 0.002083
0 0.189844 0.353125 0.001563 0.002083
0 0.653906 0.344792 0.001563 0.002083
0 0.071094 0.344792 0.001563 0.002083
0 0.610156 0.315625 0.001563 0.002083
0 0.357031 0.292708 0.001563 0.002083
0 0.216406 0.288542 0.001563 0.002083
0 0.542969 0.263542 0.001563 0.002083
0 0.186719 0.159375 0.001563 0.002083
0 0.121094 0.159375 0.001563 0.002083
0 0.764844 0.142708 0.001563 0.002083
0 0.333594 0.138542 0.001563 0.002083
0 0.158594 0.109375 0.001563 0.002083
0 0.610156 0.061458 0.001563 0.002083
