0 0.378906 0.969792 0.001563 0.002083
0 0.550781 0.926042 0.001563 0.002083
0 0.836719 0.915625 0.001563 0.002083
0 0.742969 0.915625 0.001563 0.002083
0 0.916406 0.913542 0.001563 0.002083
0 0.096094 0.861458 0.001563 0.002083
0 0.860156 0.857292 0.001563 0.002083
0 0.888281 0.840625 0.001563 0.002083
0 0.347656 0.819792 0.001563 0.002083
0 0.539844 0.803125 0.001563 0.002083
0 0.171094 0.794792 0.001563 0.002083
0 0.386719 0.778125 0.001563 0.002083
0 0.500781 0.748958 0.001563 0.002083
0 0.461719 0.734375 0.001563 0.002083
0 0.352344 0.703125 0.001563 0.002083
0 0.155469 0.682292 0.001563 0.002083
0 0.178906 0.607292 0.001563 0.002083
0 0.688281 0.603125 0.001563 0.002083
0 0.472656 0.592708 0.001563 0.002083
0 0.414844 0.576042 0.001563 0.002083
0 0.691406 0.503125 0.001563 0.002083
0 0.972656 0.469792 0.001563 0.002083
0 0.744531 0.469792 0.001563 0.002083
0 0.166406 0.415625 0.001563 0.002083
0 0.455469 0.380208 0.001563 0.002083
0 0.182031 0.348958 0.001563 0.002083
0 0.019531 0.346875 0.001563 0.002083
0 0.578906 0.328125 0.001563 0.002083
0 0.475781 0.319792 0.001563 0.002083
0 0.238281 0.301042 0.001563 0.002083
0 0.500781 0.292708 0.001563 0.002083
0 0.419531 0.288542 0.001563 0.002083
0 0.969531 0.161458 0.001563 0.002083
0 0.774219 0.157292 0.001563 0.002083
0 0.141406 0.126042 0.001563 0.002083
0 0.288281 0.055208 0.001563 0.002083
0 0.178906 0.048958 0.001563 0.002083
0 0.741406 0.015625 0.001563 0.002083
