0 0.207031 0.836458 0.001563 0.002083
0 0.622656 0.788542 0.001563 0.002083
0 0.532031 0.782292 0.001563 0.002083
0 0.171094 0.767708 0.001563 0.002083
0 0.932031 0.763542 0.001563 0.002083
0 0.233594 0.744792 0.001563 0.002083
0 0.563281 0.728125 0.001563 0.002083
0 0.682031 0.698958 0.001563 0.002083
0 0.619531 0.690625 0.001563 0.002083
0 0.625781 0.642708 0.001563 0.002083
0 0.736719 0.621875 0.001563 0.002083
0 0.536719 0.601042 0.001563 0.002083
0 0.691406 0.523958 0.001563 0.002083
0 0.096094 0.473958 0.001563 0.002083
0 0.761719 0.442708 0.001563 0.002083
0 0.383594 0.401042 0.001563 0.002083
0 0.386719 0.342708 0.001563 0.002083
0 0.119531 0.319792 0.001563 0.002083
0 0.472656 0.196875 0.001563 0.002083
0 0.342969 0.190625 0.001563 0.002083
0 0.213281 0.151042 0.001563 0.002083
0 0.807031 0.132292 0.001563 0.002083
0 0.691406 0.105208 0.001563 0.002083
0 0.100781 0.063542 0.001563 0.002083
0 0.871094 0.028125 0.001563 0.002083
