0 0.164844 0.980208 0.001563 0.002083
0 0.208594 0.963542 0.001563 0.002083
0 0.383594 0.930208 0.001563 0.002083
0 0.432031 0.926042 0.001563 0.002083
0 0.111719 0.917708 0.001563 0.002083
0 0.158594 0.863542 0.001563 0.002083
0 0.467969 0.861458 0.001563 0.002083
0 0.636719 0.790625 0.001563 0.002083
0 0.747656 0.763542 0.001563 0.002083
0 0.700781 0.755208 0.001563 0.002083
0 0.461719 0.742708 0.001563 0.002083
0 0.057031 0.721875 0.001563 0.002083
0 0.150781 0.701042 0.001563 0.002083
0 0.633594 0.684375 0.001563 0.002083
0 0.110156 0.634375 0.001563 0.002083
0 0.872656 0.621875 0.001563 0.002083
0 0.210156 0.592708 0.001563 0.002083
0 0.277344 0.530208 0.001563 0.002083
0 0.091406 0.517708 0.001563 0.002083
0 0.180469 0.505208 0.001563 0.002083
0 0.447656 0.484375 0.001563 0.002083
0 0.774219 0.476042 0.001563 0.002083
0 0.011719 0.451042 0.001563 0.002083
0 0.552344 0.430208 0.001563 0.002083
0 0.957031 0.405208 0.001563 0.002083
0 0.177344 0.382292 0.001563 0.002083
0 0.328906 0.367708 0.001563 0.002083
0 0.582031 0.361458 0.001563 0.002083
0 0.013281 0.301042 0.001563 0.002083
0 0.966406 0.298958 0.001563 0.002083
0 0.421094 0.240625 0.001563 0.002083
0 0.803906 0.192708 0.001563 0.002083
0 0.419531 0.188542 0.001563 0.002083
0 0.175781 0.186458 0.001563 0.002083
0 0.257031 0.136458 0.001563 0.002083
0 0.014844 0.134375 0.001563 0.002083
0 0.127344 0.115625 0.001563 0.002083
0 0.108594 0.076042 0.001563 0.002083
0 0.683594 0.055208 0.001563 0.002083
