0 0.019531 0.884375 0.001563 0.002083
0 0.078906 0.863542 0.001563 0.002083
0 0.772656 0.844792 0.001563 0.002083
0 0.722656 0.828125 0.001563 0.002083
0 0.363281 0.817708 0.001563 0.002083
0 0.141406 0.771875 0.001563 0.002083
0 0.749219 0.753125 0.001563 0.002083
0 0.582031 0.751042 0.001563 0.002083
0 0.557031 0.711458 0.001563 0.002083
0 0.047656 0.626042 0.001563 0.002083
0 0.974219 0.555208 0.001563 0.002083
0 0.407031 0.526042 0.001563 0.002083
0 0.258594 0.515625 0.001563 0.002083
0 0.872656 0.482292 0.001563 0.002083
0 0.589844 0.480208 0.001563 0.002083
0 0.707031 0.451042 0.001563 0.002083
0 0.439844 0.446875 0.001563 0.002083
0 0.761719 0.401042 0.001563 0.002083
0 0.891406 0.396875 0.001563 0.002083
0 0.222656 0.386458 0.001563 0.002083
0 0.569531 0.286458 0.001563 0.002083
0 0.677344 0.248958 0.001563 0.002083
0 0.483594 0.215625 0.001563 0.002083
0 0.166406 0.211458 0.001563 0.002083
0 0.186719 0.180208 0.001563 0.002083
0 0.377344 0.080208 0.001563 0.002083
