0 0.096094 0.932292 0.001563 0.002083
0 0.938281 0.867708 0.001563 0.002083
0 0.300781 0.836458 0.001563 0.002083
0 0.963281 0.826042 0.001563 0.002083
0 0.863281 0.803125 0.001563 0.002083
0 0.836719 0.761458 0.001563 0.002083
0 0.367969 0.753125 0.001563 0.002083
0 0.038281 0.648958 0.001563 0.002083
0 0.010156 0.628125 0.001563 0.002083
0 0.285156 0.576042 0.001563 0.002083
0 0.627344 0.492708 0.001563 0.002083
0 0.121094 0.451042 0.001563 0.002083
0 0.071094 0.444792 0.001563 0.002083
0 0.900781 0.398958 0.001563 0.002083
0 0.789844 0.390625 0.001563 0.002083
0 0.724219 0.390625 0.001563 0.002083
0 0.216406 0.367708 0.001563 0.002083
0 0.288281 0.344792 0.001563 0.002083
0 0.024219 0.305208 0.001563 0.002083
0 0.894531 0.230208 0.001563 0.002083
0 0.072656 0.223958 0.001563 0.002083
0 0.755469 0.221875 0.001563 0.002083
0 0.924219 0.182292 0.001563 0.002083
0 0.652344 0.161458 0.001563 0.002083
0 0.824219 0.096875 0.001563 0.002083
0 0.297656 0.096875 0.001563 0.002083
0 0.694531 0.021875 0.001563 0.002083
