0 0.591406 0.984375 0.001563 0.002083
0 0.207031 0.942708 0.001563 0.002083
0 0.508594 0.915625 0.001563 0.002083
0 0.624219 0.886458 0.001563 0.002083
0 0.091406 0.846875 0.001563 0.002083
0 0.235156 0.832292 0.001563 0.002083
0 0.986719 0.828125 0.001563 0.002083
0 0.622656 0.778125 0.001563 0.002083
0 0.203906 0.767708 0.001563 0.002083
0 0.416406 0.746875 0.001563 0.002083
0 0.878906 0.726042 0.001563 0.002083
0 0.935156 0.607292 0.001563 0.002083
0 0.917969 0.532292 0.001563 0.002083
0 0.257031 0.501042 0.001563 0.002083
0 0.136719 0.482292 0.001563 0.002083
0 0.652344 0.478125 0.001563 0.002083
0 0.647656 0.421875 0.001563 0.002083
0 0.638281 0.338542 0.001563 0.002083
0 0.847656 0.288542 0.001563 0.002083
0 0.036719 0.284375 0.001563 0.002083
0 0.880469 0.248958 0.001563 0.002083
0 0.671094 0.230208 0.001563 0.002083
0 0.269531 0.159375 0.001563 0.002083
0 0.208594 0.151042 0.001563 0.002083
0 0.597656 0.130208 0.001563 0.002083
0 0.347656 0.121875 0.001563 0.002083
0 0.463281 0.073958 0.001563 0.002083
