0 0.202344 0.967708 0.001563 0.002083
0 0.891406 0.936458 0.001563 0.002083
0 0.866406 0.919792 0.001563 0.002083
0 0.082031 0.890625 0.001563 0.002083
0 0.888281 0.855208 0.001563 0.002083
0 0.214844 0.853125 0.001563 0.002083
0 0.861719 0.713542 0.001563 0.002083
0 0.432031 0.692708 0.001563 0.002083
0 0.030469 0.680208 0.001563 0.002083
0 0.286719 0.548958 0.001563 0.002083
0 0.457031 0.457292 0.001563 0.002083
0 0.114844 0.457292 0.001563 0.002083
0 0.499219 0.442708 0.001563 0.002083
0 0.997656 0.403125 0.001563 0.002083
0 0.203906 0.378125 0.001563 0.002083
0 0.142969 0.373958 0.001563 0.002083
0 0.250781 0.340625 0.001563 0.002083
0 0.989844 0.332292 0.001563 0.002083
0 0.664844 0.330208 0.001563 0.002083
0 0.616406 0.257292 0.001563 0.002083
0 0.663281 0.201042 0.001563 0.002083
0 0.942969 0.117708 0.001563 0.002083
0 0.064844 0.090625 0.001563 0.002083
0 0.557031 0.053125 0.001563 0.002083
0 0.210156 0.053125 0.001563 0.002083
0 0.353906 0.042708 0.001563 0.002083
0 0.735156 0.034375 0.001563 0.002083
0 0.025781 0.023958 0.001563 0.002083
0 0.627344 0.019792 0.001563 0.002083
0 0.272656 0.009375 0.001563 0.002083
