0 0.032031 0.990625 0.001563 0.002083
0 0.335156 0.980208 0.001563 0.002083
0 0.594531 0.928125 0.001563 0.002083
0 0.230469 0.896875 0.001563 0.002083
0 0.007031 0.857292 0.001563 0.002083
0 0.216406 0.828125 0.001563 0.002083
0 0.469531 0.821875 0.001563 0.002083
0 0.158594 0.821875 0.001563 0.002083
0 0.086719 0.755208 0.001563 0.002083
0 0.025781 0.738542 0.001563 0.002083
0 0.063281 0.723958 0.001563 0.002083
0 0.369531 0.673958 0.001563 0.002083
0 0.047656 0.667708 0.001563 0.002083
0 0.663281 0.657292 0.001563 0.002083
0 0.394531 0.582292 0.001563 0.002083
0 0.308594 0.515625 0.001563 0.002083
0 0.400781 0.480208 0.001563 0.002083
0 0.596094 0.457292 0.001563 0.002083
0 0.630469 0.438542 0.001563 0.002083
0 0.244531 0.367708 0.001563 0.002083
0 0.192969 0.307292 0.001563 0.002083
0 0.392969 0.305208 0.001563 0.002083
0 0.558594 0.282292 0.001563 0.002083
0 0.308594 0.244792 0.001563 0.002083
0 0.275781 0.153125 0.001563 0.002083
0 0.049219 0.146875 0.001563 0.002083
0 0.657031 0.140625 0.001563 0.002083
0 0.628906 0.057292 0.001563 0.002083
