0 0.591406 0.951042 0.001563 0.002083
0 0.294531 0.936458 0.001563 0.002083
0 0.021094 0.930208 0.001563 0.002083
0 0.449219 0.878125 0.001563 0.002083
0 0.764844 0.867708 0.001563 0.002083
0 0.078906 0.728125 0.001563 0.002083
0 0.988281 0.703125 0.001563 0.002083
0 0.614844 0.703125 0.001563 0.002083
0 0.507031 0.667708 0.001563 0.002083
0 0.008594 0.630208 0.001563 0.002083
0 0.075781 0.615625 0.001563 0.002083
0 0.396094 0.611458 0.001563 0.002083
0 0.292969 0.594792 0.001563 0.002083
0 0.792969 0.569792 0.001563 0.002083
0 0.221094 0.551042 0.001563 0.002083
0 0.816406 0.523958 0.001563 0.002083
0 0.550781 0.478125 0.001563 0.002083
0 0.244531 0.432292 0.001563 0.002083
0 0.460156 0.373958 0.001563 0.002083
0 0.282031 0.315625 0.001563 0.002083
0 0.316406 0.269792 0.001563 0.002083
0 0.035156 0.178125 0.001563 0.002083
0 0.092969 0.176042 0.001563 0.002083
0 0.472656 0.144792 0.001563 0.002083
0 0.422656 0.121875 0.001563 0.002083
0 0.067969 0.119792 0.001563 0.002083
0 0.753906 0.103125 0.001563 0.002083
0 0.182031 0.086458 0.001563 0.002083
0 0.150781 0.059375 0.001563 0.002083
0 0.632031 0.051042 0.001563 0.002083
