0 0.146094 0.988542 0.001563 0.002083
0 0.205469 0.944792 0.001563 0.002083
0 0.082031 0.930208 0.001563 0.002083
0 0.025781 0.926042 0.001563 0.002083
0 0.830469 0.888542 0.001563 0.002083
0 0.950781 0.865625 0.001563 0.002083
0 0.121094 0.863542 0.001563 0.002083
0 0.319531 0.846875 0.001563 0.002083
0 0.072656 0.832292 0.001563 0.002083
0 0.927344 0.794792 0.001563 0.002083
0 0.017969 0.786458 0.001563 0.002083
0 0.771094 0.757292 0.001563 0.002083
0 0.030469 0.728125 0.001563 0.002083
0 0.461719 0.694792 0.001563 0.002083
0 0.288281 0.661458 0.001563 0.002083
0 0.366406 0.640625 0.001563 0.002083
0 0.747656 0.582292 0.001563 0.002083
0 0.585156 0.509375 0.001563 0.002083
0 0.224219 0.428125 0.001563 0.002083
0 0.897656 0.423958 0.001563 0.002083
0 0.850781 0.423958 0.001563 0.002083
0 0.769531 0.394792 0.001563 0.002083
0 0.327344 0.392708 0.001563 0.002083
0 0.499219 0.298958 0.001563 0.002083
0 0.164844 0.251042 0.001563 0.002083
0 0.575781 0.236458 0.001563 0.002083
0 0.700781 0.232292 0.001563 0.002083
0 0.982031 0.223958 0.001563 0.002083
0 0.219531 0.107292 0.001563 0.002083
0 0.360156 0.063542 0.001563 0.002083
