0 0.499219 0.911458 0.001563 0.002083
0 0.310156 0.907292 0.001563 0.002083
0 0.471094 0.873958 0.001563 0.002083
0 0.160156 0.857292 0.001563 0.002083
0 0.432031 0.830208 0.001563 0.002083
0 0.742969 0.828125 0.001563 0.002083
0 0.703906 0.786458 0.001563 0.002083
0 0.471094 0.721875 0.001563 0.002083
0 0.697656 0.713542 0.001563 0.002083
0 0.816406 0.698958 0.001563 0.002083
0 0.194531 0.684375 0.001563 0.002083
0 0.116406 0.665625 0.001563 0.002083
0 0.822656 0.659375 0.001563 0.002083
0 0.627344 0.565625 0.001563 0.002083
0 0.136719 0.548958 0.001563 0.002083
0 0.078906 0.532292 0.001563 0.002083
0 0.288281 0.528125 0.001563 0.002083
0 0.032031 0.509375 0.001563 0.002083
0 0.094531 0.448958 0.001563 0.002083
0 0.497656 0.423958 0.001563 0.002083
0 0.364844 0.413542 0.001563 0.002083
0 0.646094 0.346875 0.001563 0.002083
0 0.033594 0.303125 0.001563 0.002083
0 0.814844 0.301042 0.001563 0.002083
0 0.396094 0.282292 0.001563 0.002083
0 0.207031 0.269792 0.001563 0.002083
0 0.907031 0.251042 0.001563 0.002083
0 0.032031 0.234375 0.001563 0.002083
0 0.991406 0.219792 0.001563 0.002083
0 0.483594 0.163542 0.001563 0.002083
0 0.008594 0.163542 0.001563 0.002083
0 0.024219 0.132292 0.001563 0.002083
0 0.735156 0.082292 0.001563 0.002083
0 0.141406 0.065625 0.001563 0.002083
0 0.102344 0.059375 0.001563 0.002083
0 0.289844 0.030208 0.001563 0.002083
0 0.472656 0.028125 0.001563 0.002083
