0 0.141406 0.976042 0.001563 0.002083
0 0.263281 0.942708 0.001563 0.002083
0 0.811719 0.938542 0.001563 0.002083
0 0.327344 0.913542 0.001563 0.002083
0 0.049219 0.736458 0.001563 0.002083
0 0.827344 0.680208 0.001563 0.002083
0 0.760156 0.626042 0.001563 0.002083
0 0.580469 0.611458 0.001563 0.002083
0 0.141406 0.601042 0.001563 0.002083
0 0.341406 0.590625 0.001563 0.002083
0 0.028906 0.565625 0.001563 0.002083
0 0.142969 0.482292 0.001563 0.002083
0 0.499219 0.467708 0.001563 0.002083
0 0.177344 0.457292 0.001563 0.002083
0 0.597656 0.446875 0.001563 0.002083
0 0.064844 0.421875 0.001563 0.002083
0 0.163281 0.419792 0.001563 0.002083
0 0.716406 0.384375 0.001563 0.002083
0 0.955469 0.342708 0.001563 0.002083
0 0.491406 0.334375 0.001563 0.002083
0 0.767969 0.326042 0.001563 0.002083
0 0.524219 0.282292 0.001563 0.002083
0 0.828906 0.196875 0.001563 0.002083
0 0.250781 0.115625 0.001563 0.002083
0 0.783594 0.107292 0.001563 0.002083
0 0.224219 0.051042 0.001563 0.002083
0 0.311719 0.032292 0.001563 0.002083
0 0.739844 0.015625 0.001563 0.002083
