0 0.275781 0.869792 0.001563 0.002083
0 0.114844 0.809375 0.001563 0.002083
0 0.982031 0.767708 0.001563 0.002083
0 0.161719 0.698958 0.001563 0.002083
0 0.747656 0.646875 0.001563 0.002083
0 0.139844 0.619792 0.001563 0.002083
0 0.158594 0.590625 0.001563 0.002083
0 0.424219 0.551042 0.001563 0.002083
0 0.391406 0.521875 0.001563 0.002083
0 0.099219 0.407292 0.001563 0.002083
0 0.049219 0.378125 0.001563 0.002083
0 0.633594 0.234375 0.001563 0.002083
0 0.011719 0.190625 0.001563 0.002083
0 0.107031 0.113542 0.001563 0.002083
0 0.292969 0.063542 0.001563 0.002083
0 0.132031 0.040625 0.001563 0.002083
0 0.775781 0.034375 0.001563 0.002083
0 0.191406 0.019792 0.001563 0.002083
0 0.449219 0.017708 0.001563 0.002083
