0 0.103906 0.905208 0.001563 0.002083
0 0.291406 0.853125 0.001563 0.002083
0 0.863281 0.838542 0.001563 0.002083
0 0.599219 0.811458 0.001563 0.002083
0 0.350781 0.805208 0.001563 0.002083
0 0.191406 0.805208 0.001563 0.002083
0 0.963281 0.790625 0.001563 0.002083
0 0.269531 0.786458 0.001563 0.002083
0 0.219531 0.715625 0.001563 0.002083
0 0.258594 0.673958 0.001563 0.002083
0 0.389844 0.671875 0.001563 0.002083
0 0.452344 0.640625 0.001563 0.002083
0 0.741406 0.582292 0.001563 0.002083
0 0.546094 0.540625 0.001563 0.002083
0 0.842969 0.498958 0.001563 0.002083
0 0.039844 0.490625 0.001563 0.002083
0 0.783594 0.446875 0.001563 0.002083
0 0.153906 0.415625 0.001563 0.002083
0 0.085156 0.336458 0.001563 0.002083
0 0.364844 0.319792 0.001563 0.002083
0 0.460156 0.234375 0.001563 0.002083
0 0.657031 0.138542 0.001563 0.002083
0 0.746094 0.111458 0.001563 0.002083
