0 0.667969 0.961458 0.001563 0.002083
0 0.261719 0.957292 0.001563 0.002083
0 0.036719 0.892708 0.001563 0.002083
0 0.663281 0.857292 0.001563 0.002083
0 0.346094 0.826042 0.001563 0.002083
0 0.911719 0.807292 0.001563 0.002083
0 0.088281 0.807292 0.001563 0.002083
0 0.211719 0.761458 0.001563 0.002083
0 0.052344 0.732292 0.001563 0.002083
0 0.124219 0.667708 0.001563 0.002083
0 0.814844 0.655208 0.001563 0.002083
0 0.689844 0.655208 0.001563 0.002083
0 0.972656 0.628125 0.001563 0.002083
0 0.499219 0.578125 0.001563 0.002083
0 0.563281 0.561458 0.001563 0.002083
0 0.902344 0.496875 0.001563 0.002083
0 0.133594 0.496875 0.001563 0.002083
0 0.072656 0.401042 0.001563 0.002083
0 0.861719 0.344792 0.001563 0.002083
0 0.749219 0.321875 0.001563 0.002083
0 0.577344 0.321875 0.001563 0.002083
0 0.705469 0.263542 0.001563 0.002083
0 0.641406 0.259375 0.001563 0.002083
0 0.149219 0.244792 0.001563 0.002083
0 0.349219 0.230208 0.001563 0.002083
0 0.386719 0.226042 0.001563 0.002083
0 0.442969 0.201042 0.001563 0.002083
0 0.410156 0.084375 0.001563 0.002083
0 0.478906 0.053125 0.001563 0.002083
0 0.808594 0.048958 0.001563 0.002083
