0 0.719531 0.953125 0.001563 0.002083
0 0.058594 0.884375 0.001563 0.002083
0 0.269531 0.880208 0.001563 0.002083
0 0.558594 0.823958 0.001563 0.002083
0 0.514844 0.815625 0.001563 0.002083
0 0.561719 0.782292 0.001563 0.002083
0 0.657031 0.740625 0.001563 0.002083
0 0.752344 0.734375 0.001563 0.002083
0 0.016406 0.713542 0.001563 0.002083
0 0.907031 0.644792 0.001563 0.002083
0 0.289844 0.640625 0.001563 0.002083
0 0.219531 0.628125 0.001563 0.002083
0 0.814844 0.592708 0.001563 0.002083
0 0.021094 0.576042 0.001563 0.002083
0 0.235156 0.573958 0.001563 0.002083
0 0.710156 0.557292 0.001563 0.002083
0 0.402344 0.532292 0.001563 0.002083
0 0.789844 0.511458 0.001563 0.002083
0 0.233594 0.503125 0.001563 0.002083
0 0.035156 0.467708 0.001563 0.002083
0 0.946094 0.461458 0.001563 0.002083
0 0.346094 0.436458 0.001563 0.002083
0 0.705469 0.417708 0.001563 0.002083
0 0.432031 0.409375 0.001563 0.002083
0 0.235156 0.382292 0.001563 0.002083
0 0.392969 0.365625 0.001563 0.002083
0 0.344531 0.315625 0.001563 0.002083
0 0.660156 0.188542 0.001563 0.002083
0 0.111719 0.146875 0.001563 0.002083
0 0.894531 0.094792 0.001563 0.002083
