0 0.447656 0.990625 0.001563 0.002083
0 0.041406 0.965625 0.001563 0.002083
0 0.185156 0.953125 0.001563 0.002083
0 0.463281 0.936458 0.001563 0.002083
0 0.321094 0.928125 0.001563 0.002083
0 0.536719 0.911458 0.001563 0.002083
0 0.582031 0.880208 0.001563 0.002083
0 0.030469 0.853125 0.001563 0.002083
0 0.591406 0.819792 0.001563 0.002083
0 0.010156 0.817708 0.001563 0.002083
0 0.130469 0.786458 0.001563 0.002083
0 0.294531 0.757292 0.001563 0.002083
0 0.185156 0.740625 0.001563 0.002083
0 0.671094 0.665625 0.001563 0.002083
0 0.992969 0.559375 0.001563 0.002083
0 0.582031 0.559375 0.001563 0.002083
0 0.291406 0.548958 0.001563 0.002083
0 0.774219 0.532292 0.001563 0.002083
0 0.042969 0.523958 0.001563 0.002083
0 0.741406 0.473958 0.001563 0.002083
0 0.113281 0.471875 0.001563 0.002083
0 0.371094 0.465625 0.001563 0.002083
0 0.442969 0.440625 0.001563 0.002083
0 0.977344 0.392708 0.001563 0.002083
0 0.164844 0.363542 0.001563 0.002083
0 0.471094 0.357292 0.001563 0.002083
0 0.855469 0.342708 0.001563 0.002083
0 0.210156 0.280208 0.001563 0.002083
0 0.149219 0.261458 0.001563 0.002083
0 0.733594 0.226042 0.001563 0.002083
0 0.185156 0.226042 0.001563 0.002083
0 0.074219 0.134375 0.001563 0.002083
0 0.938281 0.121875 0.001563 0.002083
0 0.808594 0.028125 0.001563 0.002083
0 0.524219 0.017708 0.001563 0.002083
