0 0.533594 0.982292 0.001563 0.002083
0 0.392969 0.898958 0.001563 0.002083
0 0.621094 0.861458 0.001563 0.002083
0 0.738281 0.859375 0.001563 0.002083
0 0.027344 0.836458 0.001563 0.002083
0 0.613281 0.821875 0.001563 0.002083
0 0.107031 0.815625 0.001563 0.002083
0 0.983594 0.813542 0.001563 0.002083
0 0.152344 0.805208 0.001563 0.002083
0 0.660156 0.801042 0.001563 0.002083
0 0.066406 0.780208 0.001563 0.002083
0 0.285156 0.755208 0.001563 0.002083
0 0.428906 0.719792 0.001563 0.002083
0 0.358594 0.634375 0.001563 0.002083
0 0.433594 0.630208 0.001563 0.002083
0 0.838281 0.623958 0.001563 0.002083
0 0.242969 0.617708 0.001563 0.002083
0 0.274219 0.598958 0.001563 0.002083
0 0.566406 0.596875 0.001563 0.002083
0 0.155469 0.536458 0.001563 0.002083
0 0.907031 0.519792 0.001563 0.002083
0 0.594531 0.517708 0.001563 0.002083
0 0.183594 0.509375 0.001563 0.002083
0 0.386719 0.501042 0.001563 0.002083
0 0.480469 0.486458 0.001563 0.002083
0 0.863281 0.434375 0.001563 0.002083
0 0.028906 0.407292 0.001563 0.002083
0 0.427344 0.405208 0.001563 0.002083
0 0.677344 0.376042 0.001563 0.002083
0 0.980469 0.365625 0.001563 0.002083
0 0.763281 0.334375 0.001563 0.002083
0 0.086719 0.221875 0.001563 0.002083
0 0.511719 0.057292 0.001563 0.002083
0 0.582031 0.036458 0.001563 0.002083
0 0.488281 0.036458 0.001563 0.002083
0 0.350781 0.026042 0.001563 0.002083
