0 0.289844 0.971875 0.001563 0.002083
0 0.336719 0.961458 0.001563 0.002083
0 0.608594 0.869792 0.001563 0.002083
0 0.352344 0.865625 0.001563 0.002083
0 0.966406 0.782292 0.001563 0.002083
0 0.382031 0.771875 0.001563 0.002083
0 0.133594 0.753125 0.001563 0.002083
0 0.280469 0.696875 0.001563 0.002083
0 0.122656 0.694792 0.001563 0.002083
0 0.650781 0.636458 0.001563 0.002083
0 0.152344 0.626042 0.001563 0.002083
0 0.364844 0.594792 0.001563 0.002083
0 0.586719 0.586458 0.001563 0.002083
0 0.263281 0.576042 0.001563 0.002083
0 0.824219 0.505208 0.001563 0.002083
0 0.946094 0.484375 0.001563 0.002083
0 0.792969 0.444792 0.001563 0.002083
0 0.958594 0.415625 0.001563 0.002083
0 0.807031 0.415625 0.001563 0.002083
0 0.449219 0.363542 0.001563 0.002083
0 0.275781 0.348958 0.001563 0.002083
0 0.813281 0.330208 0.001563 0.002083
0 0.124219 0.305208 0.001563 0.002083
0 0.752344 0.232292 0.001563 0.002083
0 0.107031 0.223958 0.001563 0.002083
0 0.974219 0.123958 0.001563 0.002083
