0 0.339844 0.957292 0.001563 0.002083
0 0.057031 0.923958 0.001563 0.002083
0 0.522656 0.909375 0.001563 0.002083
0 0.213281 0.892708 0.001563 0.002083
0 0.771094 0.809375 0.001563 0.002083
0 0.011719 0.803125 0.001563 0.002083
0 0.541406 0.771875 0.001563 0.002083
0 0.125781 0.736458 0.001563 0.002083
0 0.472656 0.721875 0.001563 0.002083
0 0.649219 0.719792 0.001563 0.002083
0 0.991406 0.703125 0.001563 0.002083
0 0.074219 0.609375 0.001563 0.002083
0 0.841406 0.584375 0.001563 0.002083
0 0.582031 0.580208 0.001563 0.002083
0 0.382031 0.548958 0.001563 0.002083
0 0.260156 0.546875 0.001563 0.002083
0 0.021094 0.511458 0.001563 0.002083
0 0.225781 0.503125 0.001563 0.002083
0 0.522656 0.380208 0.001563 0.002083
0 0.236719 0.348958 0.001563 0.002083
0 0.300781 0.332292 0.001563 0.002083
0 0.507031 0.290625 0.001563 0.002083
0 0.755469 0.278125 0.001563 0.002083
0 0.363281 0.232292 0.001563 0.002083
0 0.008594 0.184375 0.001563 0.002083
0 0.438281 0.182292 0.001563 0.002083
0 0.117969 0.151042 0.001563 0.002083
0 0.149219 0.109375 0.001563 0.002083
0 0.008594 0.098958 0.001563 0.002083
0 0.794531 0.073958 0.001563 0.002083
0 0.110156 0.063542 0.001563 0.002083
0 0.655469 0.055208 0.001563 0.002083
