0 0.733594 0.938542 0.001563 0.002083
0 0.330469 0.923958 0.001563 0.002083
0 0.964844 0.813542 0.001563 0.002083
0 0.317969 0.757292 0.001563 0.002083
0 0.038281 0.742708 0.001563 0.002083
0 0.983594 0.717708 0.001563 0.002083
0 0.617969 0.667708 0.001563 0.002083
0 0.875781 0.651042 0.001563 0.002083
0 0.217969 0.644792 0.001563 0.002083
0 0.558594 0.632292 0.001563 0.002083
0 0.105469 0.630208 0.001563 0.002083
0 0.060156 0.609375 0.001563 0.002083
0 0.958594 0.601042 0.001563 0.002083
0 0.371094 0.598958 0.001563 0.002083
0 0.725781 0.548958 0.001563 0.002083
0 0.172656 0.544792 0.001563 0.002083
0 0.542969 0.373958 0.001563 0.002083
0 0.261719 0.369792 0.001563 0.002083
0 0.407031 0.367708 0.001563 0.002083
0 0.288281 0.311458 0.001563 0.002083
0 0.317969 0.276042 0.001563 0.002083
0 0.986719 0.267708 0.001563 0.002083
0 0.044531 0.198958 0.001563 0.002083
0 0.013281 0.146875 0.001563 0.002083
0 0.075781 0.142708 0.001563 0.002083
0 0.396094 0.076042 0.001563 0.002083
0 0.264844 0.073958 0.001563 0.002083
0 0.596094 0.046875 0.001563 0.002083
0 0.289844 0.015625 0.001563 0.002083
