0 0.347656 0.969792 0.001563 0.002083
0 0.692969 0.928125 0.001563 0.002083
0 0.871094 0.909375 0.001563 0.002083
0 0.802344 0.903125 0.001563 0.002083
0 0.505469 0.892708 0.001563 0.002083
0 0.235156 0.873958 0.001563 0.002083
0 0.278906 0.842708 0.001563 0.002083
0 0.497656 0.819792 0.001563 0.002083
0 0.857031 0.805208 0.001563 0.002083
0 0.046094 0.776042 0.001563 0.002083
0 0.110156 0.738542 0.001563 0.002083
0 0.402344 0.696875 0.001563 0.002083
0 0.450781 0.659375 0.001563 0.002083
0 0.310156 0.655208 0.001563 0.002083
0 0.744531 0.644792 0.001563 0.002083
0 0.135156 0.603125 0.001563 0.002083
0 0.432031 0.586458 0.001563 0.002083
0 0.664844 0.557292 0.001563 0.002083
0 0.810156 0.488542 0.001563 0.002083
0 0.271094 0.428125 0.001563 0.002083
0 0.966406 0.417708 0.001563 0.002083
0 0.152344 0.388542 0.001563 0.002083
0 0.427344 0.342708 0.001563 0.002083
0 0.200781 0.328125 0.001563 0.002083
0 0.497656 0.282292 0.001563 0.002083
0 0.425781 0.246875 0.001563 0.002083
0 0.271094 0.228125 0.001563 0.002083
0 0.124219 0.213542 0.001563 0.002083
0 0.847656 0.211458 0.001563 0.002083
0 0.796094 0.159375 0.001563 0.002083
0 0.033594 0.155208 0.001563 0.002083
0 0.144531 0.153125 0.001563 0.002083
0 0.969531 0.151042 0.001563 0.002083
