0 0.552344 0.982292 0.001563 0.002083
0 0.935156 0.955208 0.001563 0.002083
0 0.142969 0.938542 0.001563 0.002083
0 0.296094 0.888542 0.001563 0.002083
0 0.716406 0.853125 0.001563 0.002083
0 0.930469 0.846875 0.001563 0.002083
0 0.233594 0.832292 0.001563 0.002083
0 0.432031 0.830208 0.001563 0.002083
0 0.355469 0.742708 0.001563 0.002083
0 0.522656 0.726042 0.001563 0.002083
0 0.252344 0.698958 0.001563 0.002083
0 0.277344 0.565625 0.001563 0.002083
0 0.199219 0.546875 0.001563 0.002083
0 0.457031 0.498958 0.001563 0.002083
0 0.208594 0.465625 0.001563 0.002083
0 0.466406 0.438542 0.001563 0.002083
0 0.278906 0.423958 0.001563 0.002083
0 0.397656 0.380208 0.001563 0.002083
0 0.114844 0.351042 0.001563 0.002083
0 0.819531 0.271875 0.001563 0.002083
0 0.364844 0.255208 0.001563 0.002083
0 0.755469 0.198958 0.001563 0.002083
0 0.841406 0.186458 0.001563 0.002083
0 0.094531 0.103125 0.001563 0.002083
0 0.250781 0.051042 0.001563 0.002083
0 0.872656 0.042708 0.001563 0.002083
