0 0.349219 0.963542 0.001563 0.002083
0 0.132031 0.926042 0.001563 0.002083
0 0.919531 0.911458 0.001563 0.002083
0 0.138281 0.892708 0.001563 0.002083
0 0.057031 0.890625 0.001563 0.002083
0 0.164844 0.851042 0.001563 0.002083
0 0.210156 0.842708 0.001563 0.002083
0 0.319531 0.834375 0.001563 0.002083
0 0.472656 0.782292 0.001563 0.002083
0 0.019531 0.780208 0.001563 0.002083
0 0.847656 0.765625 0.001563 0.002083
0 0.111719 0.709375 0.001563 0.002083
0 0.857031 0.665625 0.001563 0.002083
0 0.325781 0.628125 0.001563 0.002083
0 0.388281 0.590625 0.001563 0.002083
0 0.738281 0.528125 0.001563 0.002083
0 0.794531 0.492708 0.001563 0.002083
0 0.557031 0.471875 0.001563 0.002083
0 0.760156 0.451042 0.001563 0.002083
0 0.386719 0.373958 0.001563 0.002083
0 0.983594 0.365625 0.001563 0.002083
0 0.294531 0.359375 0.001563 0.002083
0 0.725781 0.323958 0.001563 0.002083
0 0.388281 0.261458 0.001563 0.002083
0 0.802344 0.190625 0.001563 0.002083
0 0.616406 0.186458 0.001563 0.002083
0 0.030469 0.178125 0.001563 0.002083
0 0.357031 0.092708 0.001563 0.002083
0 0.794531 0.051042 0.001563 0.002083
