0 0.477344 0.953125 0.001563 0.002083
0 0.024219 0.932292 0.001563 0.002083
0 0.636719 0.901042 0.001563 0.002083
0 0.460156 0.842708 0.001563 0.002083
0 0.185156 0.830208 0.001563 0.002083
0 0.150781 0.819792 0.001563 0.002083
0 0.275781 0.811458 0.001563 0.002083
0 0.439844 0.740625 0.001563 0.002083
0 0.210156 0.667708 0.001563 0.002083
0 0.022656 0.640625 0.001563 0.002083
0 0.563281 0.573958 0.001563 0.002083
0 0.305469 0.494792 0.001563 0.002083
0 0.560156 0.492708 0.001563 0.002083
0 0.324219 0.390625 0.001563 0.002083
0 0.936719 0.378125 0.001563 0.002083
0 0.178906 0.353125 0.001563 0.002083
0 0.933594 0.290625 0.001563 0.002083
0 0.600781 0.267708 0.001563 0.002083
0 0.849219 0.265625 0.001563 0.002083
0 0.049219 0.238542 0.001563 0.002083
0 0.716406 0.155208 0.001563 0.002083
0 0.499219 0.096875 0.001563 0.002083
0 0.077344 0.063542 0.001563 0.002083
0 0.882031 0.051042 0.001563 0.002083
0 0.617969 0.046875 0.001563 0.002083
