0 0.060156 0.980208 0.001563 0.002083
0 0.038281 0.942708 0.001563 0.002083
0 0.380469 0.894792 0.001563 0.002083
0 0.011719 0.892708 0.001563 0.002083
0 0.627344 0.821875 0.001563 0.002083
0 0.569531 0.805208 0.001563 0.002083
0 0.764844 0.709375 0.001563 0.002083
0 0.913281 0.680208 0.001563 0.002083
0 0.066406 0.665625 0.001563 0.002083
0 0.789844 0.653125 0.001563 0.002083
0 0.316406 0.596875 0.001563 0.002083
0 0.808594 0.592708 0.001563 0.002083
0 0.417969 0.561458 0.001563 0.002083
0 0.867969 0.559375 0.001563 0.002083
0 0.152344 0.548958 0.001563 0.002083
0 0.255469 0.523958 0.001563 0.002083
0 0.291406 0.492708 0.001563 0.002083
0 0.155469 0.482292 0.001563 0.002083
0 0.208594 0.463542 0.001563 0.002083
0 0.833594 0.444792 0.001563 0.002083
0 0.521094 0.419792 0.001563 0.002083
0 0.802344 0.390625 0.001563 0.002083
0 0.205469 0.386458 0.001563 0.002083
0 0.208594 0.340625 0.001563 0.002083
0 0.432031 0.311458 0.001563 0.002083
0 0.385156 0.244792 0.001563 0.002083
0 0.117969 0.184375 0.001563 0.002083
0 0.686719 0.171875 0.001563 0.002083
0 0.917969 0.082292 0.001563 0.002083
