0 0.861719 0.963542 0.001563 0.002083
0 0.210156 0.938542 0.001563 0.002083
0 0.149219 0.873958 0.001563 0.002083
0 0.089844 0.869792 0.001563 0.002083
0 0.736719 0.855208 0.001563 0.002083
0 0.863281 0.842708 0.001563 0.002083
0 0.421094 0.784375 0.001563 0.002083
0 0.067969 0.701042 0.001563 0.002083
0 0.797656 0.671875 0.001563 0.002083
0 0.288281 0.503125 0.001563 0.002083
0 0.108594 0.480208 0.001563 0.002083
0 0.407031 0.459375 0.001563 0.002083
0 0.182031 0.413542 0.001563 0.002083
0 0.138281 0.367708 0.001563 0.002083
0 0.266406 0.326042 0.001563 0.002083
0 0.502344 0.311458 0.001563 0.002083
0 0.691406 0.228125 0.001563 0.002083
0 0.485156 0.203125 0.001563 0.002083
0 0.138281 0.121875 0.001563 0.002083
0 0.588281 0.105208 0.001563 0.002083
0 0.466406 0.094792 0.001563 0.002083
0 0.107031 0.044792 0.001563 0.002083
0 0.603906 0.032292 0.001563 0.002083
0 0.394531 0.013542 0.001563 0.002083
0 0.299219 0.011458 0.001563 0.002083
