0 0.383594 0.992708 0.001563 0.002083
0 0.178906 0.928125 0.001563 0.002083
0 0.703906 0.926042 0.001563 0.002083
0 0.142969 0.909375 0.001563 0.002083
0 0.513281 0.869792 0.001563 0.002083
0 0.450781 0.869792 0.001563 0.002083
0 0.564844 0.765625 0.001563 0.002083
0 0.708594 0.759375 0.001563 0.002083
0 0.053906 0.715625 0.001563 0.002083
0 0.266406 0.709375 0.001563 0.002083
0 0.633594 0.692708 0.001563 0.002083
0 0.249219 0.657292 0.001563 0.002083
0 0.900781 0.644792 0.001563 0.002083
0 0.730469 0.605208 0.001563 0.002083
0 0.260156 0.586458 0.001563 0.002083
0 0.080469 0.573958 0.001563 0.002083
0 0.567969 0.567708 0.001563 0.002083
0 0.836719 0.521875 0.001563 0.002083
0 0.369531 0.498958 0.001563 0.002083
0 0.608594 0.438542 0.001563 0.002083
0 0.263281 0.421875 0.001563 0.002083
0 0.032031 0.390625 0.001563 0.002083
0 0.494531 0.382292 0.001563 0.002083
0 0.303906 0.361458 0.001563 0.002083
0 0.071094 0.328125 0.001563 0.002083
0 0.583594 0.323958 0.001563 0.002083
0 0.278906 0.305208 0.001563 0.002083
0 0.638281 0.167708 0.001563 0.002083
0 0.069531 0.126042 0.001563 0.002083
0 0.878906 0.111458 0.001563 0.002083
0 0.883594 0.015625 0.001563 0.002083
