0 0.619531 0.944792 0.001563 0.002083
0 0.350781 0.936458 0.001563 0.002083
0 0.724219 0.928125 0.001563 0.002083
0 0.842969 0.884375 0.001563 0.002083
0 0.252344 0.867708 0.001563 0.002083
0 0.882031 0.832292 0.001563 0.002083
0 0.061719 0.798958 0.001563 0.002083
0 0.117969 0.771875 0.001563 0.002083
0 0.246094 0.736458 0.001563 0.002083
0 0.280469 0.715625 0.001563 0.002083
0 0.861719 0.713542 0.001563 0.002083
0 0.664844 0.701042 0.001563 0.002083
0 0.507031 0.671875 0.001563 0.002083
0 0.764844 0.657292 0.001563 0.002083
0 0.264844 0.655208 0.001563 0.002083
0 0.619531 0.630208 0.001563 0.002083
0 0.410156 0.619792 0.001563 0.002083
0 0.608594 0.484375 0.001563 0.002083
0 0.649219 0.473958 0.001563 0.002083
0 0.861719 0.465625 0.001563 0.002083
0 0.497656 0.434375 0.001563 0.002083
0 0.597656 0.432292 0.001563 0.002083
0 0.694531 0.380208 0.001563 0.002083
0 0.758594 0.315625 0.001563 0.002083
0 0.988281 0.282292 0.001563 0.002083
0 0.594531 0.261458 0.001563 0.002083
0 0.071094 0.257292 0.001563 0.002083
0 0.644531 0.163542 0.001563 0.002083
0 0.580469 0.073958 0.001563 0.002083
