0 0.180469 0.938542 0.001563 0.002083
0 0.385156 0.911458 0.001563 0.002083
0 0.482031 0.861458 0.001563 0.002083
0 0.024219 0.842708 0.001563 0.002083
0 0.124219 0.826042 0.001563 0.002083
0 0.874219 0.805208 0.001563 0.002083
0 0.135156 0.646875 0.001563 0.002083
0 0.719531 0.621875 0.001563 0.002083
0 0.275781 0.517708 0.001563 0.002083
0 0.091406 0.507292 0.001563 0.002083
0 0.697656 0.471875 0.001563 0.002083
0 0.135156 0.469792 0.001563 0.002083
0 0.277344 0.403125 0.001563 0.002083
0 0.071094 0.403125 0.001563 0.002083
0 0.472656 0.357292 0.001563 0.002083
0 0.122656 0.336458 0.001563 0.002083
0 0.302344 0.328125 0.001563 0.002083
0 0.939844 0.221875 0.001563 0.002083
0 0.338281 0.207292 0.001563 0.002083
0 0.261719 0.128125 0.001563 0.002083
0 0.319531 0.105208 0.001563 0.002083
0 0.567969 0.098958 0.001563 0.002083
0 0.592969 0.023958 0.001563 0.002083
