0 0.047656 0.984375 0.001563 0.002083
0 0.321094 0.967708 0.001563 0.002083
0 0.258594 0.934375 0.001563 0.002083
0 0.828906 0.853125 0.001563 0.002083
0 0.908594 0.848958 0.001563 0.002083
0 0.130469 0.836458 0.001563 0.002083
0 0.814844 0.682292 0.001563 0.002083
0 0.342969 0.671875 0.001563 0.002083
0 0.175781 0.642708 0.001563 0.002083
0 0.522656 0.638542 0.001563 0.002083
0 0.022656 0.630208 0.001563 0.002083
0 0.492969 0.536458 0.001563 0.002083
0 0.632031 0.459375 0.001563 0.002083
0 0.702344 0.363542 0.001563 0.002083
0 0.597656 0.334375 0.001563 0.002083
0 0.164844 0.334375 0.001563 0.002083
0 0.871094 0.326042 0.001563 0.002083
0 0.027344 0.326042 0.001563 0.002083
0 0.727344 0.290625 0.001563 0.002083
0 0.147656 0.284375 0.001563 0.002083
0 0.669531 0.280208 0.001563 0.002083
0 0.157031 0.215625 0.001563 0.002083
0 0.567969 0.190625 0.001563 0.002083
0 0.157031 0.180208 0.001563 0.002083
0 0.597656 0.136458 0.001563 0.002083
0 0.494531 0.111458 0.001563 0.002083
0 0.635156 0.084375 0.001563 0.002083
0 0.691406 0.071875 0.001563 0.002083
0 0.510156 0.051042 0.001563 0.002083
0 0.157031 0.040625 0.001563 0.002083
