0 0.532031 0.978125 0.001563 0.002083
0 0.627344 0.967708 0.001563 0.002083
0 0.102344 0.959375 0.001563 0.002083
0 0.413281 0.955208 0.001563 0.002083
0 0.744531 0.894792 0.001563 0.002083
0 0.411719 0.890625 0.001563 0.002083
0 0.958594 0.851042 0.001563 0.002083
0 0.883594 0.846875 0.001563 0.002083
0 0.569531 0.761458 0.001563 0.002083
0 0.008594 0.759375 0.001563 0.002083
0 0.300781 0.742708 0.001563 0.002083
0 0.389844 0.678125 0.001563 0.002083
0 0.458594 0.648958 0.001563 0.002083
0 0.489844 0.594792 0.001563 0.002083
0 0.046094 0.594792 0.001563 0.002083
0 0.899219 0.586458 0.001563 0.002083
0 0.866406 0.573958 0.001563 0.002083
0 0.338281 0.540625 0.001563 0.002083
0 0.721094 0.507292 0.001563 0.002083
0 0.260156 0.444792 0.001563 0.002083
0 0.867969 0.430208 0.001563 0.002083
0 0.496094 0.409375 0.001563 0.002083
0 0.764844 0.369792 0.001563 0.002083
0 0.066406 0.361458 0.001563 0.002083
0 0.264844 0.313542 0.001563 0.002083
0 0.267969 0.265625 0.001563 0.002083
0 0.450781 0.259375 0.001563 0.002083
0 0.125781 0.226042 0.001563 0.002083
0 0.699219 0.144792 0.001563 0.002083
0 0.892969 0.038542 0.001563 0.002083
0 0.839844 0.021875 0.001563 0.002083
0 0.805469 0.017708 0.001563 0.002083
0 0.253906 0.013542 0.001563 0.002083
