0 0.160156 0.901042 0.001563 0.002083
0 0.428906 0.878125 0.001563 0.002083
0 0.400781 0.842708 0.001563 0.002083
0 0.510156 0.832292 0.001563 0.002083
0 0.246094 0.761458 0.001563 0.002083
0 0.385156 0.736458 0.001563 0.002083
0 0.466406 0.730208 0.001563 0.002083
0 0.183594 0.707292 0.001563 0.002083
0 0.144531 0.690625 0.001563 0.002083
0 0.560156 0.676042 0.001563 0.002083
0 0.674219 0.630208 0.001563 0.002083
0 0.349219 0.523958 0.001563 0.002083
0 0.710156 0.367708 0.001563 0.002083
0 0.383594 0.351042 0.001563 0.002083
0 0.292969 0.348958 0.001563 0.002083
0 0.864844 0.336458 0.001563 0.002083
0 0.811719 0.313542 0.001563 0.002083
0 0.163281 0.259375 0.001563 0.002083
0 0.455469 0.209375 0.001563 0.002083
0 0.017969 0.140625 0.001563 0.002083
0 0.733594 0.119792 0.001563 0.002083
0 0.780469 0.098958 0.001563 0.002083
0 0.642969 0.086458 0.001563 0.002083
0 0.086719 0.048958 0.001563 0.002083
