0 0.499219 0.984375 0.001563 0.002083
0 0.277344 0.978125 0.001563 0.002083
0 0.444531 0.940625 0.001563 0.002083
0 0.471094 0.851042 0.001563 0.002083
0 0.650781 0.784375 0.001563 0.002083
0 0.424219 0.734375 0.001563 0.002083
0 0.913281 0.684375 0.001563 0.002083
0 0.458594 0.669792 0.001563 0.002083
0 0.414844 0.630208 0.001563 0.002083
0 0.374219 0.578125 0.001563 0.002083
0 0.660156 0.542708 0.001563 0.002083
0 0.892969 0.517708 0.001563 0.002083
0 0.421094 0.473958 0.001563 0.002083
0 0.692969 0.434375 0.001563 0.002083
0 0.897656 0.392708 0.001563 0.002083
0 0.236719 0.363542 0.001563 0.002083
0 0.763281 0.323958 0.001563 0.002083
0 0.053906 0.292708 0.001563 0.002083
0 0.605469 0.278125 0.001563 0.002083
0 0.385156 0.228125 0.001563 0.002083
0 0.732031 0.226042 0.001563 0.002083
0 0.858594 0.223958 0.001563 0.002083
0 0.469531 0.167708 0.001563 0.002083
0 0.346094 0.163542 0.001563 0.002083
0 0.033594 0.057292 0.001563 0.002083
0 0.213281 0.048958 0.001563 0.002083
0 0.028906 0.021875 0.001563 0.002083
