0 0.080469 0.973958 0.001563 0.002083
0 0.513281 0.971875 0.001563 0.002083
0 0.792969 0.961458 0.001563 0.002083
0 0.457031 0.946875 0.001563 0.002083
0 0.191406 0.932292 0.001563 0.002083
0 0.422656 0.859375 0.001563 0.002083
0 0.986719 0.851042 0.001563 0.002083
0 0.611719 0.848958 0.001563 0.002083
0 0.288281 0.819792 0.001563 0.002083
0 0.594531 0.809375 0.001563 0.002083
0 0.794531 0.780208 0.001563 0.002083
0 0.463281 0.723958 0.001563 0.002083
0 0.158594 0.715625 0.001563 0.002083
0 0.310156 0.711458 0.001563 0.002083
0 0.219531 0.696875 0.001563 0.002083
0 0.302344 0.663542 0.001563 0.002083
0 0.872656 0.651042 0.001563 0.002083
0 0.680469 0.632292 0.001563 0.002083
0 0.683594 0.578125 0.001563 0.002083
0 0.422656 0.571875 0.001563 0.002083
0 0.263281 0.548958 0.001563 0.002083
0 0.838281 0.542708 0.001563 0.002083
0 0.503906 0.528125 0.001563 0.002083
0 0.267969 0.509375 0.001563 0.002083
0 0.347656 0.486458 0.001563 0.002083
0 0.146094 0.446875 0.001563 0.002083
0 0.528906 0.407292 0.001563 0.002083
0 0.610156 0.390625 0.001563 0.002083
0 0.146094 0.388542 0.001563 0.002083
0 0.511719 0.355208 0.001563 0.002083
0 0.560156 0.348958 0.001563 0.002083
0 0.132031 0.244792 0.001563 0.002083
0 0.785156 0.207292 0.001563 0.002083
0 0.875781 0.194792 0.001563 0.002083
0 0.124219 0.132292 0.001563 0.002083
0 0.057031 0.126042 0.001563 0.002083
0 0.777344 0.051042 0.001563 0.002083
0 0.583594 0.028125 0.001563 0.002083
