0 0.014844 0.917708 0.001563 0.002083
0 0.308594 0.890625 0.001563 0.002083
0 0.380469 0.869792 0.001563 0.002083
0 0.153906 0.865625 0.001563 0.002083
0 0.694531 0.851042 0.001563 0.002083
0 0.105469 0.836458 0.001563 0.002083
0 0.666406 0.803125 0.001563 0.002083
0 0.133594 0.763542 0.001563 0.002083
0 0.774219 0.759375 0.001563 0.002083
0 0.533594 0.751042 0.001563 0.002083
0 0.066406 0.732292 0.001563 0.002083
0 0.097656 0.565625 0.001563 0.002083
0 0.350781 0.555208 0.001563 0.002083
0 0.433594 0.553125 0.001563 0.002083
0 0.986719 0.546875 0.001563 0.002083
0 0.669531 0.473958 0.001563 0.002083
0 0.205469 0.465625 0.001563 0.002083
0 0.428906 0.461458 0.001563 0.002083
0 0.519531 0.426042 0.001563 0.002083
0 0.274219 0.426042 0.001563 0.002083
0 0.875781 0.398958 0.001563 0.002083
0 0.911719 0.373958 0.001563 0.002083
0 0.822656 0.334375 0.001563 0.002083
0 0.871094 0.311458 0.001563 0.002083
0 0.150781 0.296875 0.001563 0.002083
0 0.516406 0.290625 0.001563 0.002083
0 0.258594 0.290625 0.001563 0.002083
0 0.811719 0.251042 0.001563 0.002083
0 0.472656 0.182292 0.001563 0.002083
0 0.258594 0.138542 0.001563 0.002083
0 0.074219 0.126042 0.001563 0.002083
0 0.477344 0.115625 0.001563 0.002083
