0 0.236719 0.990625 0.001563 0.002083
0 0.519531 0.988542 0.001563 0.002083
0 0.475781 0.986458 0.001563 0.002083
0 0.402344 0.957292 0.001563 0.002083
0 0.027344 0.882292 0.001563 0.002083
0 0.978906 0.846875 0.001563 0.002083
0 0.797656 0.811458 0.001563 0.002083
0 0.519531 0.734375 0.001563 0.002083
0 0.369531 0.665625 0.001563 0.002083
0 0.305469 0.626042 0.001563 0.002083
0 0.372656 0.603125 0.001563 0.002083
0 0.297656 0.588542 0.001563 0.002083
0 0.549219 0.548958 0.001563 0.002083
0 0.957031 0.509375 0.001563 0.002083
0 0.614844 0.463542 0.001563 0.002083
0 0.192969 0.382292 0.001563 0.002083
0 0.800781 0.344792 0.001563 0.002083
0 0.910156 0.305208 0.001563 0.002083
0 0.197656 0.209375 0.001563 0.002083
0 0.566406 0.192708 0.001563 0.002083
0 0.246094 0.178125 0.001563 0.002083
0 0.752344 0.155208 0.001563 0.002083
0 0.082031 0.155208 0.001563 0.002083
0 0.407031 0.123958 0.001563 0.002083
0 0.908594 0.113542 0.001563 0.002083
0 0.194531 0.069792 0.001563 0.002083
0 0.166406 0.011458 0.001563 0.002083
