0 0.588281 0.994792 0.001563 0.002083
0 0.211719 0.903125 0.001563 0.002083
0 0.803906 0.894792 0.001563 0.002083
0 0.741406 0.873958 0.001563 0.002083
0 0.144531 0.873958 0.001563 0.002083
0 0.296094 0.871875 0.001563 0.002083
0 0.077344 0.867708 0.001563 0.002083
0 0.683594 0.823958 0.001563 0.002083
0 0.021094 0.807292 0.001563 0.002083
0 0.352344 0.682292 0.001563 0.002083
0 0.257031 0.676042 0.001563 0.002083
0 0.691406 0.669792 0.001563 0.002083
0 0.463281 0.611458 0.001563 0.002083
0 0.621094 0.573958 0.001563 0.002083
0 0.197656 0.469792 0.001563 0.002083
0 0.828906 0.463542 0.001563 0.002083
0 0.155469 0.428125 0.001563 0.002083
0 0.942969 0.392708 0.001563 0.002083
0 0.260156 0.392708 0.001563 0.002083
0 0.314844 0.332292 0.001563 0.002083
0 0.591406 0.305208 0.001563 0.002083
0 0.511719 0.296875 0.001563 0.002083
0 0.791406 0.267708 0.001563 0.002083
0 0.303906 0.140625 0.001563 0.002083
0 0.694531 0.132292 0.001563 0.002083
0 0.941406 0.128125 0.001563 0.002083
0 0.113281 0.119792 0.001563 0.002083
0 0.010156 0.080208 0.001563 0.002083
0 0.217969 0.076042 0.001563 0.002083
0 0.932031 0.053125 0.001563 0.002083
