0 0.161719 0.976042 0.001563 0.002083
0 0.403906 0.953125 0.001563 0.002083
0 0.405469 0.826042 0.001563 0.002083
0 0.342969 0.801042 0.001563 0.002083
0 0.680469 0.780208 0.001563 0.002083
0 0.107031 0.730208 0.001563 0.002083
0 0.660156 0.719792 0.001563 0.002083
0 0.607031 0.701042 0.001563 0.002083
0 0.078906 0.678125 0.001563 0.002083
0 0.158594 0.653125 0.001563 0.002083
0 0.594531 0.646875 0.001563 0.002083
0 0.866406 0.640625 0.001563 0.002083
0 0.325781 0.638542 0.001563 0.002083
0 0.508594 0.626042 0.001563 0.002083
0 0.616406 0.590625 0.001563 0.002083
0 0.417969 0.567708 0.001563 0.002083
0 0.925781 0.523958 0.001563 0.002083
0 0.299219 0.517708 0.001563 0.002083
0 0.403906 0.473958 0.001563 0.002083
0 0.472656 0.440625 0.001563 0.002083
0 0.700781 0.409375 0.001563 0.002083
0 0.660156 0.392708 0.001563 0.002083
0 0.746094 0.384375 0.001563 0.002083
0 0.036719 0.351042 0.001563 0.002083
0 0.347656 0.342708 0.001563 0.002083
0 0.575781 0.326042 0.001563 0.002083
0 0.835156 0.290625 0.001563 0.002083
0 0.571094 0.248958 0.001563 0.002083
