0 0.075781 0.953125 0.001563 0.002083
0 0.441406 0.757292 0.001563 0.002083
0 0.317969 0.732292 0.001563 0.002083
0 0.630469 0.703125 0.001563 0.002083
0 0.271094 0.663542 0.001563 0.002083
0 0.219531 0.611458 0.001563 0.002083
0 0.461719 0.546875 0.001563 0.002083
0 0.524219 0.505208 0.001563 0.002083
0 0.035156 0.401042 0.001563 0.002083
0 0.116406 0.392708 0.001563 0.002083
0 0.713281 0.284375 0.001563 0.002083
0 0.060156 0.251042 0.001563 0.002083
0 0.516406 0.096875 0.001563 0.002083
0 0.346094 0.090625 0.001563 0.002083
0 0.763281 0.088542 0.001563 0.002083
0 0.150781 0.082292 0.001563 0.002083
