0 0.375781 0.901042 0.001563 0.002083
0 0.596094 0.878125 0.001563 0.002083
0 0.158594 0.865625 0.001563 0.002083
0 0.103906 0.807292 0.001563 0.002083
0 0.439844 0.784375 0.001563 0.002083
0 0.674219 0.780208 0.001563 0.002083
0 0.214844 0.769792 0.001563 0.002083
0 0.414844 0.719792 0.001563 0.002083
0 0.674219 0.707292 0.001563 0.002083
0 0.297656 0.665625 0.001563 0.002083
0 0.771094 0.632292 0.001563 0.002083
0 0.921094 0.628125 0.001563 0.002083
0 0.822656 0.619792 0.001563 0.002083
0 0.232031 0.578125 0.001563 0.002083
0 0.175781 0.571875 0.001563 0.002083
0 0.724219 0.528125 0.001563 0.002083
0 0.405469 0.513542 0.001563 0.002083
0 0.742969 0.482292 0.001563 0.002083
0 0.424219 0.444792 0.001563 0.002083
0 0.958594 0.284375 0.001563 0.002083
0 0.141406 0.284375 0.001563 0.002083
0 0.027344 0.226042 0.001563 0.002083
0 0.275781 0.151042 0.001563 0.002083
0 0.547656 0.109375 0.001563 0.002083
0 0.811719 0.105208 0.001563 0.002083
0 0.574219 0.096875 0.001563 0.002083
0 0.889844 0.038542 0.001563 0.002083
0 0.419531 0.030208 0.001563 0.002083
