0 0.313281 0.988542 0.001563 0.002083
0 0.028906 0.982292 0.001563 0.002083
0 0.371094 0.948958 0.001563 0.002083
0 0.483594 0.942708 0.001563 0.002083
0 0.661719 0.921875 0.001563 0.002083
0 0.028906 0.917708 0.001563 0.002083
0 0.230469 0.913542 0.001563 0.002083
0 0.324219 0.778125 0.001563 0.002083
0 0.664844 0.769792 0.001563 0.002083
0 0.278906 0.765625 0.001563 0.002083
0 0.564844 0.744792 0.001563 0.002083
0 0.167969 0.726042 0.001563 0.002083
0 0.241406 0.709375 0.001563 0.002083
0 0.314844 0.694792 0.001563 0.002083
0 0.685156 0.690625 0.001563 0.002083
0 0.883594 0.671875 0.001563 0.002083
0 0.600781 0.671875 0.001563 0.002083
0 0.263281 0.621875 0.001563 0.002083
0 0.442969 0.571875 0.001563 0.002083
0 0.127344 0.544792 0.001563 0.002083
0 0.333594 0.490625 0.001563 0.002083
0 0.050781 0.471875 0.001563 0.002083
0 0.528906 0.444792 0.001563 0.002083
0 0.694531 0.438542 0.001563 0.002083
0 0.846094 0.430208 0.001563 0.002083
0 0.327344 0.403125 0.001563 0.002083
0 0.280469 0.390625 0.001563 0.002083
0 0.632031 0.323958 0.001563 0.002083
0 0.192969 0.309375 0.001563 0.002083
0 0.102344 0.269792 0.001563 0.002083
0 0.192969 0.234375 0.001563 0.002083
0 0.710156 0.221875 0.001563 0.002083
0 0.644531 0.148958 0.001563 0.002083
0 0.861719 0.136458 0.001563 0.002083
0 0.019531 0.109375 0.001563 0.002083
