0 0.394531 0.980208 0.001563 0.002083
0 0.558594 0.890625 0.001563 0.002083
0 0.133594 0.801042 0.001563 0.002083
0 0.789844 0.646875 0.001563 0.002083
0 0.064844 0.646875 0.001563 0.002083
0 0.661719 0.609375 0.001563 0.002083
0 0.378906 0.561458 0.001563 0.002083
0 0.182031 0.480208 0.001563 0.002083
0 0.708594 0.478125 0.001563 0.002083
0 0.822656 0.455208 0.001563 0.002083
0 0.400781 0.448958 0.001563 0.002083
0 0.913281 0.411458 0.001563 0.002083
0 0.817969 0.242708 0.001563 0.002083
0 0.744531 0.117708 0.001563 0.002083
0 0.725781 0.059375 0.001563 0.002083
0 0.150781 0.040625 0.001563 0.002083
0 0.591406 0.028125 0.001563 0.002083
