0 0.138281 0.953125 0.001563 0.002083
0 0.850781 0.909375 0.001563 0.002083
0 0.335156 0.880208 0.001563 0.002083
0 0.922656 0.817708 0.001563 0.002083
0 0.733594 0.753125 0.001563 0.002083
0 0.035156 0.692708 0.001563 0.002083
0 0.085156 0.648958 0.001563 0.002083
0 0.013281 0.594792 0.001563 0.002083
0 0.838281 0.586458 0.001563 0.002083
0 0.321094 0.571875 0.001563 0.002083
0 0.111719 0.544792 0.001563 0.002083
0 0.725781 0.540625 0.001563 0.002083
0 0.778906 0.538542 0.001563 0.002083
0 0.092969 0.430208 0.001563 0.002083
0 0.180469 0.407292 0.001563 0.002083
0 0.577344 0.384375 0.001563 0.002083
0 0.155469 0.384375 0.001563 0.002083
0 0.427344 0.340625 0.001563 0.002083
0 0.922656 0.317708 0.001563 0.002083
0 0.803906 0.292708 0.001563 0.002083
0 0.567969 0.257292 0.001563 0.002083
0 0.930469 0.140625 0.001563 0.002083
0 0.805469 0.140625 0.001563 0.002083
0 0.185156 0.136458 0.001563 0.002083
0 0.249219 0.113542 0.001563 0.002083
0 0.739844 0.023958 0.001563 0.002083
