0 0.119531 0.934375 0.001563 0.002083
0 0.888281 0.890625 0.001563 0.002083
0 0.335156 0.890625 0.001563 0.002083
0 0.711719 0.880208 0.001563 0.002083
0 0.317969 0.838542 0.001563 0.002083
0 0.024219 0.717708 0.001563 0.002083
0 0.025781 0.665625 0.001563 0.002083
0 0.808594 0.648958 0.001563 0.002083
0 0.019531 0.615625 0.001563 0.002083
0 0.067969 0.603125 0.001563 0.002083
0 0.297656 0.578125 0.001563 0.002083
0 0.627344 0.559375 0.001563 0.002083
0 0.830469 0.494792 0.001563 0.002083
0 0.107031 0.432292 0.001563 0.002083
0 0.933594 0.415625 0.001563 0.002083
0 0.196094 0.382292 0.001563 0.002083
0 0.357031 0.353125 0.001563 0.002083
0 0.814844 0.348958 0.001563 0.002083
0 0.667969 0.309375 0.001563 0.002083
0 0.107031 0.294792 0.001563 0.002083
0 0.853906 0.244792 0.001563 0.002083
0 0.060156 0.223958 0.001563 0.002083
0 0.616406 0.221875 0.001563 0.002083
0 0.113281 0.211458 0.001563 0.002083
0 0.850781 0.180208 0.001563 0.002083
0 0.880469 0.140625 0.001563 0.002083
0 0.274219 0.109375 0.001563 0.002083
0 0.991406 0.076042 0.001563 0.002083
0 0.730469 0.023958 0.001563 0.002083
