0 0.049219 0.934375 0.001563 0.002083
0 0.163281 0.917708 0.001563 0.002083
0 0.385156 0.909375 0.001563 0.002083
0 0.241406 0.886458 0.001563 0.002083
0 0.472656 0.857292 0.001563 0.002083
0 0.069531 0.838542 0.001563 0.002083
0 0.286719 0.828125 0.001563 0.002083
0 0.124219 0.815625 0.001563 0.002083
0 0.025781 0.786458 0.001563 0.002083
0 0.778906 0.694792 0.001563 0.002083
0 0.692969 0.688542 0.001563 0.002083
0 0.366406 0.607292 0.001563 0.002083
0 0.921094 0.582292 0.001563 0.002083
0 0.428906 0.540625 0.001563 0.002083
0 0.650781 0.461458 0.001563 0.002083
0 0.557031 0.448958 0.001563 0.002083
0 0.792969 0.434375 0.001563 0.002083
0 0.853906 0.419792 0.001563 0.002083
0 0.358594 0.359375 0.001563 0.002083
0 0.417969 0.353125 0.001563 0.002083
0 0.324219 0.278125 0.001563 0.002083
0 0.113281 0.261458 0.001563 0.002083
0 0.277344 0.205208 0.001563 0.002083
0 0.614844 0.176042 0.001563 0.002083
0 0.650781 0.148958 0.001563 0.002083
0 0.341406 0.073958 0.001563 0.002083
