0 0.530469 0.892708 0.001563 0.002083
0 0.414844 0.880208 0.001563 0.002083
0 0.603906 0.848958 0.001563 0.002083
0 0.975781 0.834375 0.001563 0.002083
0 0.763281 0.809375 0.001563 0.002083
0 0.300781 0.803125 0.001563 0.002083
0 0.649219 0.801042 0.001563 0.002083
0 0.157031 0.776042 0.001563 0.002083
0 0.125781 0.742708 0.001563 0.002083
0 0.366406 0.719792 0.001563 0.002083
0 0.494531 0.667708 0.001563 0.002083
0 0.339844 0.648958 0.001563 0.002083
0 0.852344 0.592708 0.001563 0.002083
0 0.364844 0.565625 0.001563 0.002083
0 0.783594 0.542708 0.001563 0.002083
0 0.555469 0.538542 0.001563 0.002083
0 0.327344 0.538542 0.001563 0.002083
0 0.288281 0.538542 0.001563 0.002083
0 0.191406 0.536458 0.001563 0.002083
0 0.461719 0.507292 0.001563 0.002083
0 0.424219 0.486458 0.001563 0.002083
0 0.342969 0.465625 0.001563 0.002083
0 0.983594 0.432292 0.001563 0.002083
0 0.150781 0.390625 0.001563 0.002083
0 0.621094 0.369792 0.001563 0.002083
0 0.074219 0.328125 0.001563 0.002083
0 0.124219 0.290625 0.001563 0.002083
0 0.880469 0.286458 0.001563 0.002083
0 0.786719 0.263542 0.001563 0.002083
0 0.044531 0.148958 0.001563 0.002083
0 0.975781 0.130208 0.001563 0.002083
0 0.592969 0.026042 0.001563 0.002083
