0 0.194531 0.930208 0.001563 0.002083
0 0.080469 0.876042 0.001563 0.002083
0 0.408594 0.855208 0.001563 0.002083
0 0.266406 0.844792 0.001563 0.002083
0 0.107031 0.844792 0.001563 0.002083
0 0.607031 0.832292 0.001563 0.002083
0 0.860156 0.821875 0.001563 0.002083
0 0.211719 0.803125 0.001563 0.002083
0 0.107031 0.684375 0.001563 0.002083
0 0.752344 0.642708 0.001563 0.002083
0 0.099219 0.501042 0.001563 0.002083
0 0.292969 0.463542 0.001563 0.002083
0 0.788281 0.451042 0.001563 0.002083
0 0.164844 0.448958 0.001563 0.002083
0 0.105469 0.344792 0.001563 0.002083
0 0.286719 0.326042 0.001563 0.002083
0 0.955469 0.228125 0.001563 0.002083
0 0.547656 0.173958 0.001563 0.002083
0 0.680469 0.163542 0.001563 0.002083
0 0.385156 0.159375 0.001563 0.002083
0 0.067969 0.153125 0.001563 0.002083
0 0.713281 0.105208 0.001563 0.002083
0 0.591406 0.055208 0.001563 0.002083
0 0.314844 0.053125 0.001563 0.002083
0 0.527344 0.017708 0.001563 0.002083
0 0.439844 0.011458 0.001563 0.002083
