0 0.375781 0.980208 0.001563 0.002083
0 0.319531 0.961458 0.001563 0.002083
0 0.924219 0.896875 0.001563 0.002083
0 0.657031 0.869792 0.001563 0.002083
0 0.014844 0.867708 0.001563 0.002083
0 0.060156 0.865625 0.001563 0.002083
0 0.852344 0.823958 0.001563 0.002083
0 0.349219 0.792708 0.001563 0.002083
0 0.166406 0.778125 0.001563 0.002083
0 0.947656 0.767708 0.001563 0.002083
0 0.492969 0.696875 0.001563 0.002083
0 0.857031 0.688542 0.001563 0.002083
0 0.010156 0.686458 0.001563 0.002083
0 0.583594 0.676042 0.001563 0.002083
0 0.855469 0.596875 0.001563 0.002083
0 0.291406 0.555208 0.001563 0.002083
0 0.505469 0.505208 0.001563 0.002083
0 0.344531 0.494792 0.001563 0.002083
0 0.189844 0.486458 0.001563 0.002083
0 0.913281 0.476042 0.001563 0.002083
0 0.664844 0.471875 0.001563 0.002083
0 0.374219 0.453125 0.001563 0.002083
0 0.958594 0.440625 0.001563 0.002083
0 0.716406 0.434375 0.001563 0.002083
0 0.216406 0.321875 0.001563 0.002083
0 0.291406 0.292708 0.001563 0.002083
0 0.635156 0.263542 0.001563 0.002083
0 0.555469 0.248958 0.001563 0.002083
0 0.477344 0.230208 0.001563 0.002083
0 0.072656 0.213542 0.001563 0.002083
0 0.724219 0.173958 0.001563 0.002083
0 0.155469 0.103125 0.001563 0.002083
0 0.199219 0.055208 0.001563 0.002083
0 0.775781 0.032292 0.001563 0.002083
0 0.264844 0.017708 0.001563 0.002083
0 0.442969 0.011458 0.001563 0.002083
