0 0.080469 0.957292 0.001563 0.002083
0 0.422656 0.861458 0.001563 0.002083
0 0.563281 0.784375 0.001563 0.002083
0 0.507031 0.767708 0.001563 0.002083
0 0.213281 0.761458 0.001563 0.002083
0 0.710156 0.726042 0.001563 0.002083
0 0.138281 0.686458 0.001563 0.002083
0 0.408594 0.684375 0.001563 0.002083
0 0.769531 0.657292 0.001563 0.002083
0 0.392969 0.596875 0.001563 0.002083
0 0.446094 0.567708 0.001563 0.002083
0 0.550781 0.563542 0.001563 0.002083
0 0.988281 0.521875 0.001563 0.002083
0 0.811719 0.521875 0.001563 0.002083
0 0.486719 0.509375 0.001563 0.002083
0 0.546094 0.471875 0.001563 0.002083
0 0.938281 0.442708 0.001563 0.002083
0 0.674219 0.415625 0.001563 0.002083
0 0.758594 0.392708 0.001563 0.002083
0 0.166406 0.376042 0.001563 0.002083
0 0.542969 0.353125 0.001563 0.002083
0 0.313281 0.351042 0.001563 0.002083
0 0.489844 0.346875 0.001563 0.002083
0 0.666406 0.334375 0.001563 0.002083
0 0.611719 0.298958 0.001563 0.002083
0 0.452344 0.188542 0.001563 0.002083
0 0.897656 0.038542 0.001563 0.002083
