0 0.258594 0.984375 0.001563 0.002083
0 0.608594 0.967708 0.001563 0.002083
0 0.630469 0.876042 0.001563 0.002083
0 0.580469 0.813542 0.001563 0.002083
0 0.163281 0.811458 0.001563 0.002083
0 0.377344 0.786458 0.001563 0.002083
0 0.980469 0.778125 0.001563 0.002083
0 0.125781 0.757292 0.001563 0.002083
0 0.721094 0.719792 0.001563 0.002083
0 0.796094 0.703125 0.001563 0.002083
0 0.880469 0.621875 0.001563 0.002083
0 0.013281 0.615625 0.001563 0.002083
0 0.141406 0.580208 0.001563 0.002083
0 0.989844 0.546875 0.001563 0.002083
0 0.397656 0.536458 0.001563 0.002083
0 0.586719 0.532292 0.001563 0.002083
0 0.058594 0.428125 0.001563 0.002083
0 0.613281 0.371875 0.001563 0.002083
0 0.063281 0.342708 0.001563 0.002083
0 0.852344 0.323958 0.001563 0.002083
0 0.697656 0.323958 0.001563 0.002083
0 0.794531 0.261458 0.001563 0.002083
0 0.671094 0.246875 0.001563 0.002083
0 0.210156 0.209375 0.001563 0.002083
0 0.352344 0.169792 0.001563 0.002083
0 0.499219 0.163542 0.001563 0.002083
0 0.339844 0.105208 0.001563 0.002083
0 0.421094 0.048958 0.001563 0.002083
0 0.889844 0.030208 0.001563 0.002083
