0 0.983594 0.982292 0.001563 0.002083
0 0.480469 0.980208 0.001563 0.002083
0 0.516406 0.971875 0.001563 0.002083
0 0.042969 0.959375 0.001563 0.002083
0 0.278906 0.955208 0.001563 0.002083
0 0.669531 0.926042 0.001563 0.002083
0 0.233594 0.913542 0.001563 0.002083
0 0.613281 0.886458 0.001563 0.002083
0 0.663281 0.876042 0.001563 0.002083
0 0.044531 0.853125 0.001563 0.002083
0 0.021094 0.807292 0.001563 0.002083
0 0.066406 0.788542 0.001563 0.002083
0 0.639844 0.736458 0.001563 0.002083
0 0.324219 0.719792 0.001563 0.002083
0 0.217969 0.701042 0.001563 0.002083
0 0.657031 0.628125 0.001563 0.002083
0 0.021094 0.551042 0.001563 0.002083
0 0.457031 0.523958 0.001563 0.002083
0 0.217969 0.505208 0.001563 0.002083
0 0.777344 0.480208 0.001563 0.002083
0 0.860156 0.453125 0.001563 0.002083
0 0.111719 0.451042 0.001563 0.002083
0 0.455469 0.432292 0.001563 0.002083
0 0.211719 0.384375 0.001563 0.002083
0 0.439844 0.382292 0.001563 0.002083
0 0.113281 0.326042 0.001563 0.002083
0 0.938281 0.321875 0.001563 0.002083
0 0.064844 0.307292 0.001563 0.002083
0 0.675781 0.280208 0.001563 0.002083
0 0.972656 0.273958 0.001563 0.002083
0 0.344531 0.219792 0.001563 0.002083
0 0.260156 0.213542 0.001563 0.002083
0 0.811719 0.128125 0.001563 0.002083
0 0.067969 0.126042 0.001563 0.002083
0 0.975781 0.071875 0.001563 0.002083
0 0.780469 0.065625 0.001563 0.002083
0 0.033594 0.063542 0.001563 0.002083
0 0.832031 0.042708 0.001563 0.002083
0 0.716406 0.032292 0.001563 0.002083
