0 0.057031 0.988542 0.001563 0.002083
0 0.778906 0.980208 0.001563 0.002083
0 0.958594 0.942708 0.001563 0.002083
0 0.178906 0.932292 0.001563 0.002083
0 0.242969 0.917708 0.001563 0.002083
0 0.817969 0.911458 0.001563 0.002083
0 0.053906 0.890625 0.001563 0.002083
0 0.283594 0.836458 0.001563 0.002083
0 0.453906 0.834375 0.001563 0.002083
0 0.219531 0.753125 0.001563 0.002083
0 0.410156 0.742708 0.001563 0.002083
0 0.489844 0.738542 0.001563 0.002083
0 0.033594 0.648958 0.001563 0.002083
0 0.249219 0.621875 0.001563 0.002083
0 0.085156 0.538542 0.001563 0.002083
0 0.489844 0.534375 0.001563 0.002083
0 0.521094 0.509375 0.001563 0.002083
0 0.252344 0.476042 0.001563 0.002083
0 0.294531 0.411458 0.001563 0.002083
0 0.121094 0.355208 0.001563 0.002083
0 0.841406 0.290625 0.001563 0.002083
0 0.399219 0.261458 0.001563 0.002083
0 0.852344 0.228125 0.001563 0.002083
0 0.774219 0.215625 0.001563 0.002083
0 0.892969 0.063542 0.001563 0.002083
0 0.069531 0.030208 0.001563 0.002083
0 0.444531 0.021875 0.001563 0.002083
0 0.939844 0.009375 0.001563 0.002083
