0 0.457031 0.938542 0.001563 0.002083
0 0.569531 0.882292 0.001563 0.002083
0 0.353906 0.846875 0.001563 0.002083
0 0.122656 0.815625 0.001563 0.002083
0 0.846094 0.807292 0.001563 0.002083
0 0.307031 0.790625 0.001563 0.002083
0 0.147656 0.748958 0.001563 0.002083
0 0.916406 0.742708 0.001563 0.002083
0 0.080469 0.678125 0.001563 0.002083
0 0.611719 0.663542 0.001563 0.002083
0 0.572656 0.584375 0.001563 0.002083
0 0.435156 0.559375 0.001563 0.002083
0 0.846094 0.515625 0.001563 0.002083
0 0.872656 0.457292 0.001563 0.002083
0 0.610156 0.417708 0.001563 0.002083
0 0.680469 0.411458 0.001563 0.002083
0 0.455469 0.380208 0.001563 0.002083
0 0.350781 0.373958 0.001563 0.002083
0 0.628906 0.371875 0.001563 0.002083
0 0.844531 0.363542 0.001563 0.002083
0 0.692969 0.357292 0.001563 0.002083
0 0.188281 0.332292 0.001563 0.002083
0 0.211719 0.307292 0.001563 0.002083
0 0.583594 0.253125 0.001563 0.002083
0 0.903906 0.248958 0.001563 0.002083
0 0.530469 0.217708 0.001563 0.002083
0 0.363281 0.130208 0.001563 0.002083
0 0.636719 0.098958 0.001563 0.002083
0 0.136719 0.032292 0.001563 0.002083
0 0.766406 0.021875 0.001563 0.002083
0 0.196094 0.013542 0.001563 0.002083
