0 0.283594 0.884375 0.001563 0.002083
0 0.360156 0.882292 0.001563 0.002083
0 0.763281 0.869792 0.001563 0.002083
0 0.030469 0.830208 0.001563 0.002083
0 0.383594 0.788542 0.001563 0.002083
0 0.594531 0.784375 0.001563 0.002083
0 0.752344 0.748958 0.001563 0.002083
0 0.113281 0.734375 0.001563 0.002083
0 0.358594 0.723958 0.001563 0.002083
0 0.438281 0.715625 0.001563 0.002083
0 0.688281 0.630208 0.001563 0.002083
0 0.182031 0.630208 0.001563 0.002083
0 0.016406 0.626042 0.001563 0.002083
0 0.425781 0.573958 0.001563 0.002083
0 0.297656 0.530208 0.001563 0.002083
0 0.910156 0.528125 0.001563 0.002083
0 0.789844 0.523958 0.001563 0.002083
0 0.608594 0.484375 0.001563 0.002083
0 0.832031 0.476042 0.001563 0.002083
0 0.389844 0.467708 0.001563 0.002083
0 0.902344 0.446875 0.001563 0.002083
0 0.085156 0.232292 0.001563 0.002083
0 0.261719 0.098958 0.001563 0.002083
0 0.788281 0.019792 0.001563 0.002083
0 0.672656 0.019792 0.001563 0.002083
