0 0.336719 0.957292 0.001563 0.002083
0 0.807031 0.955208 0.001563 0.002083
0 0.950781 0.917708 0.001563 0.002083
0 0.838281 0.907292 0.001563 0.002083
0 0.355469 0.892708 0.001563 0.002083
0 0.974219 0.823958 0.001563 0.002083
0 0.055469 0.819792 0.001563 0.002083
0 0.278906 0.817708 0.001563 0.002083
0 0.685156 0.751042 0.001563 0.002083
0 0.272656 0.746875 0.001563 0.002083
0 0.799219 0.696875 0.001563 0.002083
0 0.746094 0.665625 0.001563 0.002083
0 0.555469 0.655208 0.001563 0.002083
0 0.971094 0.619792 0.001563 0.002083
0 0.425781 0.603125 0.001563 0.002083
0 0.239844 0.590625 0.001563 0.002083
0 0.724219 0.569792 0.001563 0.002083
0 0.572656 0.530208 0.001563 0.002083
0 0.689844 0.478125 0.001563 0.002083
0 0.591406 0.448958 0.001563 0.002083
0 0.500781 0.398958 0.001563 0.002083
0 0.008594 0.386458 0.001563 0.002083
0 0.702344 0.259375 0.001563 0.002083
0 0.772656 0.221875 0.001563 0.002083
0 0.710156 0.203125 0.001563 0.002083
0 0.661719 0.198958 0.001563 0.002083
0 0.603906 0.067708 0.001563 0.002083
