0 0.519531 0.978125 0.001563 0.002083
0 0.121094 0.978125 0.001563 0.002083
0 0.317969 0.976042 0.001563 0.002083
0 0.630469 0.942708 0.001563 0.002083
0 0.497656 0.930208 0.001563 0.002083
0 0.869531 0.905208 0.001563 0.002083
0 0.174219 0.903125 0.001563 0.002083
0 0.325781 0.890625 0.001563 0.002083
0 0.102344 0.857292 0.001563 0.002083
0 0.586719 0.838542 0.001563 0.002083
0 0.341406 0.830208 0.001563 0.002083
0 0.927344 0.815625 0.001563 0.002083
0 0.192969 0.798958 0.001563 0.002083
0 0.736719 0.780208 0.001563 0.002083
0 0.547656 0.763542 0.001563 0.002083
0 0.864844 0.676042 0.001563 0.002083
0 0.308594 0.657292 0.001563 0.002083
0 0.186719 0.638542 0.001563 0.002083
0 0.913281 0.621875 0.001563 0.002083
0 0.888281 0.571875 0.001563 0.002083
0 0.263281 0.557292 0.001563 0.002083
0 0.649219 0.521875 0.001563 0.002083
0 0.157031 0.476042 0.001563 0.002083
0 0.591406 0.455208 0.001563 0.002083
0 0.889844 0.430208 0.001563 0.002083
0 0.191406 0.415625 0.001563 0.002083
0 0.782031 0.334375 0.001563 0.002083
0 0.430469 0.223958 0.001563 0.002083
0 0.982031 0.209375 0.001563 0.002083
0 0.378906 0.146875 0.001563 0.002083
0 0.808594 0.136458 0.001563 0.002083
0 0.272656 0.113542 0.001563 0.002083
0 0.375781 0.111458 0.001563 0.002083
0 0.328906 0.098958 0.001563 0.002083
0 0.092969 0.096875 0.001563 0.002083
0 0.042969 0.076042 0.001563 0.002083
0 0.622656 0.038542 0.001563 0.002083
