0 0.430469 0.948958 0.001563 0.002083
0 0.927344 0.913542 0.001563 0.002083
0 0.152344 0.836458 0.001563 0.002083
0 0.783594 0.721875 0.001563 0.002083
0 0.324219 0.680208 0.001563 0.002083
0 0.508594 0.678125 0.001563 0.002083
0 0.019531 0.665625 0.001563 0.002083
0 0.021094 0.619792 0.001563 0.002083
0 0.542969 0.601042 0.001563 0.002083
0 0.260156 0.590625 0.001563 0.002083
0 0.464844 0.576042 0.001563 0.002083
0 0.563281 0.394792 0.001563 0.002083
0 0.964844 0.390625 0.001563 0.002083
0 0.896094 0.382292 0.001563 0.002083
0 0.689844 0.369792 0.001563 0.002083
0 0.110156 0.357292 0.001563 0.002083
0 0.053906 0.292708 0.001563 0.002083
0 0.652344 0.213542 0.001563 0.002083
0 0.124219 0.207292 0.001563 0.002083
0 0.697656 0.203125 0.001563 0.002083
0 0.146094 0.163542 0.001563 0.002083
0 0.507031 0.134375 0.001563 0.002083
0 0.589844 0.128125 0.001563 0.002083
0 0.721094 0.082292 0.001563 0.002083
0 0.185156 0.055208 0.001563 0.002083
