0 0.363281 0.932292 0.001563 0.002083
0 0.069531 0.917708 0.001563 0.002083
0 0.797656 0.792708 0.001563 0.002083
0 0.691406 0.788542 0.001563 0.002083
0 0.561719 0.782292 0.001563 0.002083
0 0.347656 0.780208 0.001563 0.002083
0 0.911719 0.763542 0.001563 0.002083
0 0.192969 0.730208 0.001563 0.002083
0 0.344531 0.703125 0.001563 0.002083
0 0.427344 0.667708 0.001563 0.002083
0 0.049219 0.665625 0.001563 0.002083
0 0.350781 0.638542 0.001563 0.002083
0 0.838281 0.565625 0.001563 0.002083
0 0.692969 0.557292 0.001563 0.002083
0 0.010156 0.530208 0.001563 0.002083
0 0.547656 0.517708 0.001563 0.002083
0 0.808594 0.490625 0.001563 0.002083
0 0.722656 0.446875 0.001563 0.002083
0 0.180469 0.326042 0.001563 0.002083
0 0.038281 0.321875 0.001563 0.002083
0 0.419531 0.234375 0.001563 0.002083
0 0.466406 0.186458 0.001563 0.002083
0 0.047656 0.132292 0.001563 0.002083
0 0.642969 0.115625 0.001563 0.002083
