0 0.917969 0.980208 0.001563 0.002083
0 0.392969 0.946875 0.001563 0.002083
0 0.666406 0.886458 0.001563 0.002083
0 0.722656 0.869792 0.001563 0.002083
0 0.221094 0.853125 0.001563 0.002083
0 0.522656 0.769792 0.001563 0.002083
0 0.246094 0.767708 0.001563 0.002083
0 0.141406 0.765625 0.001563 0.002083
0 0.807031 0.709375 0.001563 0.002083
0 0.447656 0.590625 0.001563 0.002083
0 0.308594 0.590625 0.001563 0.002083
0 0.282031 0.588542 0.001563 0.002083
0 0.511719 0.557292 0.001563 0.002083
0 0.161719 0.513542 0.001563 0.002083
0 0.616406 0.488542 0.001563 0.002083
0 0.742969 0.482292 0.001563 0.002083
0 0.600781 0.411458 0.001563 0.002083
0 0.122656 0.384375 0.001563 0.002083
0 0.125781 0.346875 0.001563 0.002083
0 0.478906 0.290625 0.001563 0.002083
0 0.977344 0.263542 0.001563 0.002083
0 0.757031 0.255208 0.001563 0.002083
0 0.989844 0.213542 0.001563 0.002083
0 0.289844 0.194792 0.001563 0.002083
0 0.578906 0.146875 0.001563 0.002083
0 0.455469 0.134375 0.001563 0.002083
0 0.327344 0.044792 0.001563 0.002083
