0 0.471094 0.982292 0.001563 0.002083
0 0.633594 0.948958 0.001563 0.002083
0 0.780469 0.940625 0.001563 0.002083
0 0.467969 0.930208 0.001563 0.002083
0 0.397656 0.923958 0.001563 0.002083
0 0.985156 0.855208 0.001563 0.002083
0 0.824219 0.853125 0.001563 0.002083
0 0.449219 0.809375 0.001563 0.002083
0 0.980469 0.788542 0.001563 0.002083
0 0.372656 0.732292 0.001563 0.002083
0 0.633594 0.698958 0.001563 0.002083
0 0.478906 0.676042 0.001563 0.002083
0 0.063281 0.613542 0.001563 0.002083
0 0.369531 0.576042 0.001563 0.002083
0 0.500781 0.573958 0.001563 0.002083
0 0.385156 0.523958 0.001563 0.002083
0 0.782031 0.498958 0.001563 0.002083
0 0.883594 0.471875 0.001563 0.002083
0 0.028906 0.440625 0.001563 0.002083
0 0.955469 0.407292 0.001563 0.002083
0 0.714844 0.380208 0.001563 0.002083
0 0.353906 0.369792 0.001563 0.002083
0 0.321094 0.286458 0.001563 0.002083
0 0.422656 0.269792 0.001563 0.002083
0 0.475781 0.259375 0.001563 0.002083
0 0.288281 0.240625 0.001563 0.002083
0 0.947656 0.226042 0.001563 0.002083
0 0.988281 0.205208 0.001563 0.002083
0 0.192969 0.146875 0.001563 0.002083
0 0.752344 0.076042 0.001563 0.002083
0 0.964844 0.051042 0.001563 0.002083
