0 0.205469 0.967708 0.001563 0.002083
0 0.396094 0.965625 0.001563 0.002083
0 0.294531 0.955208 0.001563 0.002083
0 0.517969 0.942708 0.001563 0.002083
0 0.572656 0.828125 0.001563 0.002083
0 0.555469 0.784375 0.001563 0.002083
0 0.744531 0.736458 0.001563 0.002083
0 0.896094 0.707292 0.001563 0.002083
0 0.041406 0.646875 0.001563 0.002083
0 0.199219 0.565625 0.001563 0.002083
0 0.577344 0.523958 0.001563 0.002083
0 0.655469 0.486458 0.001563 0.002083
0 0.617969 0.430208 0.001563 0.002083
0 0.203906 0.371875 0.001563 0.002083
0 0.041406 0.355208 0.001563 0.002083
0 0.342969 0.317708 0.001563 0.002083
0 0.971094 0.273958 0.001563 0.002083
0 0.214844 0.230208 0.001563 0.002083
0 0.646094 0.113542 0.001563 0.002083
0 0.171094 0.090625 0.001563 0.002083
