0 0.360156 0.986458 0.001563 0.002083
0 0.516406 0.965625 0.001563 0.002083
0 0.463281 0.932292 0.001563 0.002083
0 0.010156 0.913542 0.001563 0.002083
0 0.321094 0.905208 0.001563 0.002083
0 0.635156 0.901042 0.001563 0.002083
0 0.216406 0.901042 0.001563 0.002083
0 0.299219 0.853125 0.001563 0.002083
0 0.417969 0.851042 0.001563 0.002083
0 0.135156 0.828125 0.001563 0.002083
0 0.185156 0.755208 0.001563 0.002083
0 0.708594 0.730208 0.001563 0.002083
0 0.067969 0.684375 0.001563 0.002083
0 0.624219 0.682292 0.001563 0.002083
0 0.307031 0.596875 0.001563 0.002083
0 0.530469 0.582292 0.001563 0.002083
0 0.916406 0.563542 0.001563 0.002083
0 0.200781 0.534375 0.001563 0.002083
0 0.772656 0.528125 0.001563 0.002083
0 0.086719 0.480208 0.001563 0.002083
0 0.653906 0.469792 0.001563 0.002083
0 0.686719 0.432292 0.001563 0.002083
0 0.177344 0.388542 0.001563 0.002083
0 0.046094 0.303125 0.001563 0.002083
0 0.428906 0.278125 0.001563 0.002083
0 0.833594 0.269792 0.001563 0.002083
0 0.799219 0.155208 0.001563 0.002083
0 0.046094 0.148958 0.001563 0.002083
0 0.302344 0.142708 0.001563 0.002083
0 0.242969 0.128125 0.001563 0.002083
0 0.164844 0.109375 0.001563 0.002083
0 0.413281 0.094792 0.001563 0.002083
0 0.682031 0.040625 0.001563 0.002083
