0 0.977344 0.988542 0.001563 0.002083
0 0.013281 0.882292 0.001563 0.002083
0 0.952344 0.757292 0.001563 0.002083
0 0.052344 0.755208 0.001563 0.002083
0 0.011719 0.621875 0.001563 0.002083
0 0.139844 0.571875 0.001563 0.002083
0 0.891406 0.563542 0.001563 0.002083
0 0.291406 0.561458 0.001563 0.002083
0 0.316406 0.494792 0.001563 0.002083
0 0.161719 0.428125 0.001563 0.002083
0 0.961719 0.382292 0.001563 0.002083
0 0.041406 0.238542 0.001563 0.002083
0 0.577344 0.184375 0.001563 0.002083
0 0.108594 0.055208 0.001563 0.002083
0 0.238281 0.040625 0.001563 0.002083
