0 0.250781 0.988542 0.001563 0.002083
0 0.435156 0.955208 0.001563 0.002083
0 0.024219 0.936458 0.001563 0.002083
0 0.399219 0.928125 0.001563 0.002083
0 0.446094 0.913542 0.001563 0.002083
0 0.550781 0.896875 0.001563 0.002083
0 0.497656 0.869792 0.001563 0.002083
0 0.072656 0.830208 0.001563 0.002083
0 0.283594 0.807292 0.001563 0.002083
0 0.161719 0.792708 0.001563 0.002083
0 0.682031 0.717708 0.001563 0.002083
0 0.703906 0.611458 0.001563 0.002083
0 0.400781 0.582292 0.001563 0.002083
0 0.939844 0.553125 0.001563 0.002083
0 0.327344 0.538542 0.001563 0.002083
0 0.150781 0.505208 0.001563 0.002083
0 0.047656 0.498958 0.001563 0.002083
0 0.696094 0.480208 0.001563 0.002083
0 0.961719 0.478125 0.001563 0.002083
0 0.613281 0.457292 0.001563 0.002083
0 0.769531 0.382292 0.001563 0.002083
0 0.427344 0.357292 0.001563 0.002083
0 0.185156 0.348958 0.001563 0.002083
0 0.113281 0.334375 0.001563 0.002083
0 0.102344 0.271875 0.001563 0.002083
0 0.210156 0.211458 0.001563 0.002083
0 0.888281 0.194792 0.001563 0.002083
0 0.780469 0.182292 0.001563 0.002083
0 0.210156 0.155208 0.001563 0.002083
0 0.452344 0.107292 0.001563 0.002083
0 0.157031 0.082292 0.001563 0.002083
0 0.472656 0.053125 0.001563 0.002083
0 0.741406 0.038542 0.001563 0.002083
