0 0.288281 0.936458 0.001563 0.002083
0 0.144531 0.919792 0.001563 0.002083
0 0.313281 0.917708 0.001563 0.002083
0 0.802344 0.898958 0.001563 0.002083
0 0.852344 0.823958 0.001563 0.002083
0 0.964844 0.753125 0.001563 0.002083
0 0.158594 0.751042 0.001563 0.002083
0 0.261719 0.738542 0.001563 0.002083
0 0.667969 0.713542 0.001563 0.002083
0 0.147656 0.642708 0.001563 0.002083
0 0.046094 0.628125 0.001563 0.002083
0 0.819531 0.623958 0.001563 0.002083
0 0.028906 0.534375 0.001563 0.002083
0 0.367969 0.532292 0.001563 0.002083
0 0.088281 0.415625 0.001563 0.002083
0 0.830469 0.355208 0.001563 0.002083
0 0.442969 0.355208 0.001563 0.002083
0 0.258594 0.353125 0.001563 0.002083
0 0.010156 0.351042 0.001563 0.002083
0 0.557031 0.317708 0.001563 0.002083
0 0.880469 0.217708 0.001563 0.002083
0 0.411719 0.192708 0.001563 0.002083
0 0.866406 0.142708 0.001563 0.002083
0 0.333594 0.117708 0.001563 0.002083
0 0.833594 0.069792 0.001563 0.002083
0 0.564844 0.069792 0.001563 0.002083
