0 0.185156 0.959375 0.001563 0.002083
0 0.335156 0.951042 0.001563 0.002083
0 0.011719 0.813542 0.001563 0.002083
0 0.921094 0.778125 0.001563 0.002083
0 0.146094 0.776042 0.001563 0.002083
0 0.177344 0.682292 0.001563 0.002083
0 0.132031 0.619792 0.001563 0.002083
0 0.666406 0.596875 0.001563 0.002083
0 0.266406 0.582292 0.001563 0.002083
0 0.266406 0.534375 0.001563 0.002083
0 0.102344 0.534375 0.001563 0.002083
0 0.649219 0.521875 0.001563 0.002083
0 0.094531 0.467708 0.001563 0.002083
0 0.024219 0.415625 0.001563 0.002083
0 0.272656 0.361458 0.001563 0.002083
0 0.333594 0.355208 0.001563 0.002083
0 0.153906 0.336458 0.001563 0.002083
0 0.313281 0.267708 0.001563 0.002083
0 0.939844 0.219792 0.001563 0.002083
0 0.542969 0.165625 0.001563 0.002083
0 0.317969 0.163542 0.001563 0.002083
0 0.178906 0.103125 0.001563 0.002083
0 0.514844 0.017708 0.001563 0.002083
