0 0.014844 0.942708 0.001563 0.002083
0 0.435156 0.909375 0.001563 0.002083
0 0.416406 0.807292 0.001563 0.002083
0 0.946094 0.801042 0.001563 0.002083
0 0.439844 0.776042 0.001563 0.002083
0 0.017969 0.767708 0.001563 0.002083
0 0.130469 0.742708 0.001563 0.002083
0 0.080469 0.738542 0.001563 0.002083
0 0.483594 0.728125 0.001563 0.002083
0 0.239844 0.684375 0.001563 0.002083
0 0.691406 0.663542 0.001563 0.002083
0 0.449219 0.582292 0.001563 0.002083
0 0.589844 0.536458 0.001563 0.002083
0 0.699219 0.515625 0.001563 0.002083
0 0.563281 0.498958 0.001563 0.002083
0 0.874219 0.478125 0.001563 0.002083
0 0.555469 0.444792 0.001563 0.002083
0 0.732031 0.436458 0.001563 0.002083
0 0.392969 0.426042 0.001563 0.002083
0 0.675781 0.392708 0.001563 0.002083
0 0.432031 0.359375 0.001563 0.002083
0 0.250781 0.338542 0.001563 0.002083
0 0.936719 0.332292 0.001563 0.002083
0 0.628906 0.292708 0.001563 0.002083
0 0.936719 0.263542 0.001563 0.002083
0 0.474219 0.203125 0.001563 0.002083
0 0.671094 0.194792 0.001563 0.002083
0 0.321094 0.107292 0.001563 0.002083
0 0.575781 0.092708 0.001563 0.002083
0 0.771094 0.069792 0.001563 0.002083
0 0.175781 0.019792 0.001563 0.002083
