0 0.371094 0.957292 0.001563 0.002083
0 0.925781 0.953125 0.001563 0.002083
0 0.228906 0.873958 0.001563 0.002083
0 0.321094 0.832292 0.001563 0.002083
0 0.455469 0.830208 0.001563 0.002083
0 0.075781 0.830208 0.001563 0.002083
0 0.722656 0.815625 0.001563 0.002083
0 0.292969 0.809375 0.001563 0.002083
0 0.655469 0.794792 0.001563 0.002083
0 0.258594 0.721875 0.001563 0.002083
0 0.442969 0.705208 0.001563 0.002083
0 0.792969 0.634375 0.001563 0.002083
0 0.266406 0.626042 0.001563 0.002083
0 0.982031 0.613542 0.001563 0.002083
0 0.144531 0.576042 0.001563 0.002083
0 0.328906 0.567708 0.001563 0.002083
0 0.692969 0.557292 0.001563 0.002083
0 0.439844 0.465625 0.001563 0.002083
0 0.492969 0.461458 0.001563 0.002083
0 0.772656 0.405208 0.001563 0.002083
0 0.958594 0.390625 0.001563 0.002083
0 0.927344 0.321875 0.001563 0.002083
0 0.025781 0.288542 0.001563 0.002083
0 0.955469 0.255208 0.001563 0.002083
0 0.044531 0.205208 0.001563 0.002083
0 0.403906 0.188542 0.001563 0.002083
0 0.536719 0.159375 0.001563 0.002083
0 0.283594 0.159375 0.001563 0.002083
0 0.491406 0.157292 0.001563 0.002083
0 0.928906 0.144792 0.001563 0.002083
0 0.767969 0.073958 0.001563 0.002083
0 0.553906 0.055208 0.001563 0.002083
