0 0.328906 0.982292 0.001563 0.002083
0 0.908594 0.957292 0.001563 0.002083
0 0.325781 0.903125 0.001563 0.002083
0 0.453906 0.898958 0.001563 0.002083
0 0.208594 0.753125 0.001563 0.002083
0 0.935156 0.655208 0.001563 0.002083
0 0.757031 0.646875 0.001563 0.002083
0 0.617969 0.632292 0.001563 0.002083
0 0.413281 0.588542 0.001563 0.002083
0 0.478906 0.567708 0.001563 0.002083
0 0.214844 0.534375 0.001563 0.002083
0 0.030469 0.517708 0.001563 0.002083
0 0.819531 0.488542 0.001563 0.002083
0 0.755469 0.480208 0.001563 0.002083
0 0.621094 0.471875 0.001563 0.002083
0 0.461719 0.398958 0.001563 0.002083
0 0.767969 0.232292 0.001563 0.002083
0 0.707031 0.153125 0.001563 0.002083
0 0.664844 0.138542 0.001563 0.002083
0 0.766406 0.123958 0.001563 0.002083
0 0.655469 0.061458 0.001563 0.002083
