0 0.774219 0.990625 0.001563 0.002083
0 0.903906 0.986458 0.001563 0.002083
0 0.352344 0.948958 0.001563 0.002083
0 0.016406 0.898958 0.001563 0.002083
0 0.714844 0.851042 0.001563 0.002083
0 0.600781 0.844792 0.001563 0.002083
0 0.396094 0.780208 0.001563 0.002083
0 0.853906 0.776042 0.001563 0.002083
0 0.364844 0.723958 0.001563 0.002083
0 0.710156 0.692708 0.001563 0.002083
0 0.549219 0.669792 0.001563 0.002083
0 0.810156 0.659375 0.001563 0.002083
0 0.080469 0.651042 0.001563 0.002083
0 0.766406 0.626042 0.001563 0.002083
0 0.989844 0.594792 0.001563 0.002083
0 0.503906 0.511458 0.001563 0.002083
0 0.946094 0.494792 0.001563 0.002083
0 0.705469 0.461458 0.001563 0.002083
0 0.089844 0.386458 0.001563 0.002083
0 0.558594 0.369792 0.001563 0.002083
0 0.738281 0.309375 0.001563 0.002083
0 0.117969 0.236458 0.001563 0.002083
0 0.478906 0.226042 0.001563 0.002083
0 0.397656 0.205208 0.001563 0.002083
0 0.477344 0.103125 0.001563 0.002083
0 0.916406 0.086458 0.001563 0.002083
0 0.682031 0.048958 0.001563 0.002083
0 0.641406 0.042708 0.001563 0.002083
