0 0.291406 0.967708 0.001563 0.002083
0 0.224219 0.967708 0.001563 0.002083
0 0.547656 0.957292 0.001563 0.002083
0 0.047656 0.955208 0.001563 0.002083
0 0.617969 0.788542 0.001563 0.002083
0 0.864844 0.771875 0.001563 0.002083
0 0.913281 0.734375 0.001563 0.002083
0 0.482031 0.538542 0.001563 0.002083
0 0.710156 0.532292 0.001563 0.002083
0 0.217969 0.523958 0.001563 0.002083
0 0.260156 0.436458 0.001563 0.002083
0 0.697656 0.394792 0.001563 0.002083
0 0.285156 0.384375 0.001563 0.002083
0 0.135156 0.367708 0.001563 0.002083
0 0.430469 0.323958 0.001563 0.002083
0 0.930469 0.215625 0.001563 0.002083
0 0.972656 0.198958 0.001563 0.002083
0 0.266406 0.196875 0.001563 0.002083
0 0.719531 0.123958 0.001563 0.002083
0 0.246094 0.119792 0.001563 0.002083
0 0.383594 0.015625 0.001563 0.002083
