0 0.092969 0.921875 0.001563 0.002083
0 0.930469 0.867708 0.001563 0.002083
0 0.046094 0.842708 0.001563 0.002083
0 0.263281 0.807292 0.001563 0.002083
0 0.708594 0.767708 0.001563 0.002083
0 0.936719 0.757292 0.001563 0.002083
0 0.641406 0.746875 0.001563 0.002083
0 0.063281 0.592708 0.001563 0.002083
0 0.769531 0.586458 0.001563 0.002083
0 0.424219 0.553125 0.001563 0.002083
0 0.282031 0.523958 0.001563 0.002083
0 0.778906 0.380208 0.001563 0.002083
0 0.364844 0.376042 0.001563 0.002083
0 0.205469 0.367708 0.001563 0.002083
0 0.505469 0.323958 0.001563 0.002083
0 0.919531 0.203125 0.001563 0.002083
0 0.316406 0.146875 0.001563 0.002083
0 0.883594 0.140625 0.001563 0.002083
0 0.785156 0.136458 0.001563 0.002083
0 0.041406 0.055208 0.001563 0.002083
0 0.474219 0.048958 0.001563 0.002083
