0 0.341406 0.973958 0.001563 0.002083
0 0.635156 0.969792 0.001563 0.002083
0 0.461719 0.926042 0.001563 0.002083
0 0.649219 0.923958 0.001563 0.002083
0 0.363281 0.905208 0.001563 0.002083
0 0.858594 0.884375 0.001563 0.002083
0 0.508594 0.859375 0.001563 0.002083
0 0.946094 0.853125 0.001563 0.002083
0 0.397656 0.838542 0.001563 0.002083
0 0.619531 0.826042 0.001563 0.002083
0 0.916406 0.796875 0.001563 0.002083
0 0.157031 0.784375 0.001563 0.002083
0 0.102344 0.742708 0.001563 0.002083
0 0.649219 0.730208 0.001563 0.002083
0 0.847656 0.728125 0.001563 0.002083
0 0.417969 0.690625 0.001563 0.002083
0 0.414844 0.601042 0.001563 0.002083
0 0.255469 0.580208 0.001563 0.002083
0 0.196094 0.538542 0.001563 0.002083
0 0.038281 0.532292 0.001563 0.002083
0 0.116406 0.530208 0.001563 0.002083
0 0.988281 0.523958 0.001563 0.002083
0 0.575781 0.428125 0.001563 0.002083
0 0.091406 0.384375 0.001563 0.002083
0 0.736719 0.353125 0.001563 0.002083
0 0.136719 0.346875 0.001563 0.002083
0 0.292969 0.301042 0.001563 0.002083
0 0.792969 0.261458 0.001563 0.002083
0 0.038281 0.257292 0.001563 0.002083
0 0.591406 0.230208 0.001563 0.002083
0 0.377344 0.198958 0.001563 0.002083
0 0.236719 0.196875 0.001563 0.002083
0 0.625781 0.176042 0.001563 0.002083
0 0.449219 0.113542 0.001563 0.002083
0 0.761719 0.107292 0.001563 0.002083
0 0.213281 0.082292 0.001563 0.002083
