0 0.789844 0.982292 0.001563 0.002083
0 0.807031 0.859375 0.001563 0.002083
0 0.144531 0.855208 0.001563 0.002083
0 0.177344 0.823958 0.001563 0.002083
0 0.586719 0.794792 0.001563 0.002083
0 0.657031 0.730208 0.001563 0.002083
0 0.196094 0.721875 0.001563 0.002083
0 0.578906 0.715625 0.001563 0.002083
0 0.932031 0.696875 0.001563 0.002083
0 0.677344 0.653125 0.001563 0.002083
0 0.472656 0.640625 0.001563 0.002083
0 0.739844 0.632292 0.001563 0.002083
0 0.960156 0.592708 0.001563 0.002083
0 0.746094 0.582292 0.001563 0.002083
0 0.511719 0.426042 0.001563 0.002083
0 0.674219 0.407292 0.001563 0.002083
0 0.428906 0.388542 0.001563 0.002083
0 0.250781 0.298958 0.001563 0.002083
0 0.216406 0.288542 0.001563 0.002083
0 0.147656 0.253125 0.001563 0.002083
0 0.449219 0.221875 0.001563 0.002083
0 0.011719 0.203125 0.001563 0.002083
0 0.777344 0.176042 0.001563 0.002083
0 0.657031 0.144792 0.001563 0.002083
0 0.692969 0.092708 0.001563 0.002083
0 0.227344 0.076042 0.001563 0.002083
0 0.785156 0.059375 0.001563 0.002083
0 0.475781 0.034375 0.001563 0.002083
