0 0.932031 0.978125 0.001563 0.002083
0 0.157031 0.969792 0.001563 0.002083
0 0.607031 0.911458 0.001563 0.002083
0 0.327344 0.905208 0.001563 0.002083
0 0.927344 0.901042 0.001563 0.002083
0 0.075781 0.892708 0.001563 0.002083
0 0.789844 0.867708 0.001563 0.002083
0 0.607031 0.844792 0.001563 0.002083
0 0.327344 0.821875 0.001563 0.002083
0 0.322656 0.751042 0.001563 0.002083
0 0.978906 0.728125 0.001563 0.002083
0 0.678906 0.705208 0.001563 0.002083
0 0.491406 0.686458 0.001563 0.002083
0 0.552344 0.623958 0.001563 0.002083
0 0.016406 0.592708 0.001563 0.002083
0 0.933594 0.580208 0.001563 0.002083
0 0.728906 0.548958 0.001563 0.002083
0 0.771094 0.498958 0.001563 0.002083
0 0.102344 0.432292 0.001563 0.002083
0 0.716406 0.369792 0.001563 0.002083
0 0.555469 0.363542 0.001563 0.002083
0 0.121094 0.303125 0.001563 0.002083
0 0.561719 0.215625 0.001563 0.002083
0 0.438281 0.211458 0.001563 0.002083
0 0.874219 0.163542 0.001563 0.002083
0 0.985156 0.161458 0.001563 0.002083
0 0.357031 0.159375 0.001563 0.002083
0 0.525781 0.073958 0.001563 0.002083
0 0.791406 0.038542 0.001563 0.002083
0 0.296094 0.030208 0.001563 0.002083
0 0.563281 0.021875 0.001563 0.002083
0 0.677344 0.015625 0.001563 0.002083
