0 0.480469 0.940625 0.001563 0.002083
0 0.300781 0.936458 0.001563 0.002083
0 0.189844 0.909375 0.001563 0.002083
0 0.422656 0.865625 0.001563 0.002083
0 0.132031 0.834375 0.001563 0.002083
0 0.228906 0.819792 0.001563 0.002083
0 0.658594 0.801042 0.001563 0.002083
0 0.039844 0.765625 0.001563 0.002083
0 0.289844 0.669792 0.001563 0.002083
0 0.389844 0.601042 0.001563 0.002083
0 0.889844 0.551042 0.001563 0.002083
0 0.988281 0.515625 0.001563 0.002083
0 0.530469 0.469792 0.001563 0.002083
0 0.574219 0.448958 0.001563 0.002083
0 0.922656 0.373958 0.001563 0.002083
0 0.471094 0.340625 0.001563 0.002083
0 0.417969 0.330208 0.001563 0.002083
0 0.307031 0.263542 0.001563 0.002083
0 0.238281 0.228125 0.001563 0.002083
0 0.630469 0.213542 0.001563 0.002083
0 0.432031 0.178125 0.001563 0.002083
0 0.257031 0.178125 0.001563 0.002083
0 0.161719 0.163542 0.001563 0.002083
0 0.647656 0.107292 0.001563 0.002083
