0 0.221094 0.961458 0.001563 0.002083
0 0.778906 0.938542 0.001563 0.002083
0 0.299219 0.911458 0.001563 0.002083
0 0.369531 0.888542 0.001563 0.002083
0 0.813281 0.871875 0.001563 0.002083
0 0.027344 0.826042 0.001563 0.002083
0 0.764844 0.817708 0.001563 0.002083
0 0.096094 0.744792 0.001563 0.002083
0 0.705469 0.701042 0.001563 0.002083
0 0.205469 0.682292 0.001563 0.002083
0 0.891406 0.678125 0.001563 0.002083
0 0.274219 0.671875 0.001563 0.002083
0 0.233594 0.671875 0.001563 0.002083
0 0.324219 0.603125 0.001563 0.002083
0 0.874219 0.601042 0.001563 0.002083
0 0.463281 0.553125 0.001563 0.002083
0 0.057031 0.482292 0.001563 0.002083
0 0.007031 0.415625 0.001563 0.002083
0 0.185156 0.361458 0.001563 0.002083
0 0.864844 0.346875 0.001563 0.002083
0 0.502344 0.332292 0.001563 0.002083
0 0.308594 0.328125 0.001563 0.002083
0 0.592969 0.296875 0.001563 0.002083
0 0.014844 0.269792 0.001563 0.002083
0 0.844531 0.257292 0.001563 0.002083
0 0.496094 0.236458 0.001563 0.002083
0 0.928906 0.161458 0.001563 0.002083
0 0.357031 0.096875 0.001563 0.002083
0 0.655469 0.078125 0.001563 0.002083
