0 0.469531 0.886458 0.001563 0.002083
0 0.755469 0.867708 0.001563 0.002083
0 0.078906 0.861458 0.001563 0.002083
0 0.375781 0.848958 0.001563 0.002083
0 0.630469 0.776042 0.001563 0.002083
0 0.114844 0.763542 0.001563 0.002083
0 0.305469 0.761458 0.001563 0.002083
0 0.428906 0.736458 0.001563 0.002083
0 0.385156 0.726042 0.001563 0.002083
0 0.111719 0.707292 0.001563 0.002083
0 0.821094 0.634375 0.001563 0.002083
0 0.667969 0.626042 0.001563 0.002083
0 0.358594 0.611458 0.001563 0.002083
0 0.867969 0.598958 0.001563 0.002083
0 0.105469 0.594792 0.001563 0.002083
0 0.822656 0.582292 0.001563 0.002083
0 0.311719 0.571875 0.001563 0.002083
0 0.230469 0.555208 0.001563 0.002083
0 0.785156 0.459375 0.001563 0.002083
0 0.410156 0.446875 0.001563 0.002083
0 0.239844 0.276042 0.001563 0.002083
0 0.982031 0.246875 0.001563 0.002083
0 0.066406 0.240625 0.001563 0.002083
0 0.266406 0.126042 0.001563 0.002083
0 0.610156 0.057292 0.001563 0.002083
