0 0.085156 0.984375 0.001563 0.002083
0 0.400781 0.934375 0.001563 0.002083
0 0.100781 0.928125 0.001563 0.002083
0 0.344531 0.865625 0.001563 0.002083
0 0.928906 0.796875 0.001563 0.002083
0 0.327344 0.761458 0.001563 0.002083
0 0.528906 0.740625 0.001563 0.002083
0 0.561719 0.736458 0.001563 0.002083
0 0.125781 0.719792 0.001563 0.002083
0 0.463281 0.711458 0.001563 0.002083
0 0.199219 0.709375 0.001563 0.002083
0 0.813281 0.659375 0.001563 0.002083
0 0.116406 0.619792 0.001563 0.002083
0 0.380469 0.555208 0.001563 0.002083
0 0.164844 0.553125 0.001563 0.002083
0 0.803906 0.532292 0.001563 0.002083
0 0.746094 0.357292 0.001563 0.002083
0 0.439844 0.305208 0.001563 0.002083
0 0.271094 0.278125 0.001563 0.002083
0 0.567969 0.169792 0.001563 0.002083
0 0.927344 0.153125 0.001563 0.002083
0 0.705469 0.148958 0.001563 0.002083
0 0.102344 0.090625 0.001563 0.002083
0 0.171094 0.088542 0.001563 0.002083
0 0.572656 0.017708 0.001563 0.002083
