0 0.217969 0.961458 0.001563 0.002083
0 0.524219 0.936458 0.001563 0.002083
0 0.200781 0.855208 0.001563 0.002083
0 0.724219 0.848958 0.001563 0.002083
0 0.499219 0.842708 0.001563 0.002083
0 0.664844 0.836458 0.001563 0.002083
0 0.891406 0.832292 0.001563 0.002083
0 0.844531 0.832292 0.001563 0.002083
0 0.414844 0.826042 0.001563 0.002083
0 0.514844 0.796875 0.001563 0.002083
0 0.197656 0.780208 0.001563 0.002083
0 0.230469 0.682292 0.001563 0.002083
0 0.619531 0.676042 0.001563 0.002083
0 0.708594 0.673958 0.001563 0.002083
0 0.874219 0.667708 0.001563 0.002083
0 0.511719 0.665625 0.001563 0.002083
0 0.202344 0.663542 0.001563 0.002083
0 0.928906 0.636458 0.001563 0.002083
0 0.130469 0.607292 0.001563 0.002083
0 0.169531 0.582292 0.001563 0.002083
0 0.291406 0.559375 0.001563 0.002083
0 0.060156 0.534375 0.001563 0.002083
0 0.103906 0.532292 0.001563 0.002083
0 0.010156 0.492708 0.001563 0.002083
0 0.408594 0.446875 0.001563 0.002083
0 0.825781 0.403125 0.001563 0.002083
0 0.517969 0.376042 0.001563 0.002083
0 0.241406 0.328125 0.001563 0.002083
0 0.382031 0.323958 0.001563 0.002083
0 0.057031 0.307292 0.001563 0.002083
0 0.702344 0.296875 0.001563 0.002083
0 0.861719 0.196875 0.001563 0.002083
0 0.038281 0.173958 0.001563 0.002083
0 0.892969 0.148958 0.001563 0.002083
0 0.536719 0.121875 0.001563 0.002083
0 0.011719 0.117708 0.001563 0.002083
0 0.760156 0.109375 0.001563 0.002083
0 0.233594 0.086458 0.001563 0.002083
0 0.580469 0.084375 0.001563 0.002083
0 0.141406 0.069792 0.001563 0.002083
0 0.821094 0.055208 0.001563 0.002083
0 0.322656 0.042708 0.001563 0.002083
0 0.119531 0.021875 0.001563 0.002083
