0 0.252344 0.994792 0.001563 0.002083
0 0.155469 0.980208 0.001563 0.002083
0 0.969531 0.976042 0.001563 0.002083
0 0.513281 0.955208 0.001563 0.002083
0 0.755469 0.909375 0.001563 0.002083
0 0.191406 0.857292 0.001563 0.002083
0 0.625781 0.840625 0.001563 0.002083
0 0.417969 0.836458 0.001563 0.002083
0 0.991406 0.834375 0.001563 0.002083
0 0.258594 0.834375 0.001563 0.002083
0 0.514844 0.823958 0.001563 0.002083
0 0.469531 0.786458 0.001563 0.002083
0 0.780469 0.740625 0.001563 0.002083
0 0.592969 0.717708 0.001563 0.002083
0 0.253906 0.701042 0.001563 0.002083
0 0.267969 0.673958 0.001563 0.002083
0 0.161719 0.665625 0.001563 0.002083
0 0.867969 0.642708 0.001563 0.002083
0 0.227344 0.638542 0.001563 0.002083
0 0.525781 0.626042 0.001563 0.002083
0 0.269531 0.613542 0.001563 0.002083
0 0.216406 0.590625 0.001563 0.002083
0 0.167969 0.555208 0.001563 0.002083
0 0.175781 0.519792 0.001563 0.002083
0 0.471094 0.494792 0.001563 0.002083
0 0.832031 0.486458 0.001563 0.002083
0 0.308594 0.413542 0.001563 0.002083
0 0.366406 0.403125 0.001563 0.002083
0 0.097656 0.367708 0.001563 0.002083
0 0.528906 0.357292 0.001563 0.002083
0 0.164844 0.269792 0.001563 0.002083
0 0.792969 0.259375 0.001563 0.002083
0 0.669531 0.211458 0.001563 0.002083
0 0.130469 0.167708 0.001563 0.002083
0 0.777344 0.155208 0.001563 0.002083
0 0.185156 0.148958 0.001563 0.002083
0 0.686719 0.132292 0.001563 0.002083
0 0.044531 0.132292 0.001563 0.002083
0 0.821094 0.123958 0.001563 0.002083
0 0.571094 0.069792 0.001563 0.002083
0 0.786719 0.065625 0.001563 0.002083
0 0.058594 0.021875 0.001563 0.002083
