0 0.050781 0.944792 0.001563 0.002083
0 0.911719 0.923958 0.001563 0.002083
0 0.275781 0.840625 0.001563 0.002083
0 0.532031 0.786458 0.001563 0.002083
0 0.164844 0.778125 0.001563 0.002083
0 0.239844 0.769792 0.001563 0.002083
0 0.160156 0.734375 0.001563 0.002083
0 0.800781 0.661458 0.001563 0.002083
0 0.196094 0.632292 0.001563 0.002083
0 0.278906 0.626042 0.001563 0.002083
0 0.441406 0.619792 0.001563 0.002083
0 0.574219 0.517708 0.001563 0.002083
0 0.221094 0.463542 0.001563 0.002083
0 0.105469 0.421875 0.001563 0.002083
0 0.672656 0.396875 0.001563 0.002083
0 0.463281 0.286458 0.001563 0.002083
0 0.039844 0.284375 0.001563 0.002083
0 0.705469 0.192708 0.001563 0.002083
0 0.699219 0.146875 0.001563 0.002083
0 0.289844 0.111458 0.001563 0.002083
0 0.430469 0.080208 0.001563 0.002083
0 0.982031 0.040625 0.001563 0.002083
