0 0.474219 0.990625 0.001563 0.002083
0 0.655469 0.986458 0.001563 0.002083
0 0.094531 0.957292 0.001563 0.002083
0 0.460156 0.955208 0.001563 0.002083
0 0.661719 0.928125 0.001563 0.002083
0 0.100781 0.892708 0.001563 0.002083
0 0.857031 0.886458 0.001563 0.002083
0 0.691406 0.819792 0.001563 0.002083
0 0.622656 0.817708 0.001563 0.002083
0 0.560156 0.767708 0.001563 0.002083
0 0.939844 0.703125 0.001563 0.002083
0 0.760156 0.696875 0.001563 0.002083
0 0.735156 0.696875 0.001563 0.002083
0 0.094531 0.605208 0.001563 0.002083
0 0.442969 0.598958 0.001563 0.002083
0 0.149219 0.565625 0.001563 0.002083
0 0.086719 0.544792 0.001563 0.002083
0 0.978906 0.540625 0.001563 0.002083
0 0.363281 0.532292 0.001563 0.002083
0 0.292969 0.526042 0.001563 0.002083
0 0.322656 0.517708 0.001563 0.002083
0 0.080469 0.494792 0.001563 0.002083
0 0.663281 0.478125 0.001563 0.002083
0 0.858594 0.407292 0.001563 0.002083
0 0.189844 0.401042 0.001563 0.002083
0 0.891406 0.367708 0.001563 0.002083
0 0.197656 0.338542 0.001563 0.002083
0 0.489844 0.298958 0.001563 0.002083
0 0.182031 0.244792 0.001563 0.002083
0 0.080469 0.234375 0.001563 0.002083
0 0.425781 0.182292 0.001563 0.002083
0 0.703906 0.140625 0.001563 0.002083
0 0.924219 0.117708 0.001563 0.002083
0 0.861719 0.088542 0.001563 0.002083
0 0.685156 0.036458 0.001563 0.002083
0 0.267969 0.036458 0.001563 0.002083
