0 0.861719 0.955208 0.001563 0.002083
0 0.807031 0.953125 0.001563 0.002083
0 0.474219 0.934375 0.001563 0.002083
0 0.883594 0.917708 0.001563 0.002083
0 0.644531 0.911458 0.001563 0.002083
0 0.392969 0.884375 0.001563 0.002083
0 0.186719 0.842708 0.001563 0.002083
0 0.532031 0.723958 0.001563 0.002083
0 0.458594 0.715625 0.001563 0.002083
0 0.491406 0.692708 0.001563 0.002083
0 0.692969 0.648958 0.001563 0.002083
0 0.122656 0.628125 0.001563 0.002083
0 0.486719 0.559375 0.001563 0.002083
0 0.071094 0.511458 0.001563 0.002083
0 0.425781 0.503125 0.001563 0.002083
0 0.836719 0.465625 0.001563 0.002083
0 0.371094 0.459375 0.001563 0.002083
0 0.644531 0.409375 0.001563 0.002083
0 0.885156 0.403125 0.001563 0.002083
0 0.916406 0.373958 0.001563 0.002083
0 0.430469 0.267708 0.001563 0.002083
0 0.874219 0.265625 0.001563 0.002083
0 0.375781 0.244792 0.001563 0.002083
0 0.485156 0.240625 0.001563 0.002083
0 0.294531 0.213542 0.001563 0.002083
0 0.949219 0.151042 0.001563 0.002083
0 0.327344 0.103125 0.001563 0.002083
0 0.105469 0.063542 0.001563 0.002083
0 0.258594 0.055208 0.001563 0.002083
