0 0.957031 0.969792 0.001563 0.002083
0 0.563281 0.938542 0.001563 0.002083
0 0.197656 0.855208 0.001563 0.002083
0 0.764844 0.761458 0.001563 0.002083
0 0.327344 0.707292 0.001563 0.002083
0 0.482031 0.688542 0.001563 0.002083
0 0.574219 0.673958 0.001563 0.002083
0 0.061719 0.671875 0.001563 0.002083
0 0.435156 0.648958 0.001563 0.002083
0 0.396094 0.594792 0.001563 0.002083
0 0.332031 0.565625 0.001563 0.002083
0 0.714844 0.486458 0.001563 0.002083
0 0.535156 0.459375 0.001563 0.002083
0 0.457031 0.436458 0.001563 0.002083
0 0.925781 0.434375 0.001563 0.002083
0 0.060156 0.373958 0.001563 0.002083
0 0.702344 0.326042 0.001563 0.002083
0 0.522656 0.234375 0.001563 0.002083
0 0.686719 0.213542 0.001563 0.002083
0 0.077344 0.205208 0.001563 0.002083
0 0.500781 0.163542 0.001563 0.002083
0 0.338281 0.157292 0.001563 0.002083
0 0.127344 0.157292 0.001563 0.002083
0 0.702344 0.119792 0.001563 0.002083
0 0.228906 0.071875 0.001563 0.002083
0 0.721094 0.061458 0.001563 0.002083
