0 0.777344 0.980208 0.001563 0.002083
0 0.366406 0.973958 0.001563 0.002083
0 0.083594 0.873958 0.001563 0.002083
0 0.180469 0.871875 0.001563 0.002083
0 0.583594 0.817708 0.001563 0.002083
0 0.635156 0.809375 0.001563 0.002083
0 0.482031 0.738542 0.001563 0.002083
0 0.789844 0.734375 0.001563 0.002083
0 0.730469 0.709375 0.001563 0.002083
0 0.144531 0.698958 0.001563 0.002083
0 0.411719 0.682292 0.001563 0.002083
0 0.797656 0.671875 0.001563 0.002083
0 0.716406 0.665625 0.001563 0.002083
0 0.600781 0.661458 0.001563 0.002083
0 0.844531 0.567708 0.001563 0.002083
0 0.755469 0.565625 0.001563 0.002083
0 0.016406 0.542708 0.001563 0.002083
0 0.986719 0.451042 0.001563 0.002083
0 0.463281 0.436458 0.001563 0.002083
0 0.621094 0.434375 0.001563 0.002083
0 0.600781 0.380208 0.001563 0.002083
0 0.978906 0.376042 0.001563 0.002083
0 0.100781 0.334375 0.001563 0.002083
0 0.372656 0.261458 0.001563 0.002083
0 0.753906 0.232292 0.001563 0.002083
0 0.427344 0.226042 0.001563 0.002083
0 0.078906 0.207292 0.001563 0.002083
0 0.324219 0.101042 0.001563 0.002083
0 0.464844 0.088542 0.001563 0.002083
0 0.677344 0.073958 0.001563 0.002083
0 0.710156 0.057292 0.001563 0.002083
