0 0.988281 0.988542 0.001563 0.002083
0 0.444531 0.988542 0.001563 0.002083
0 0.014844 0.988542 0.001563 0.002083
0 0.047656 0.961458 0.001563 0.002083
0 0.994531 0.863542 0.001563 0.002083
0 0.824219 0.805208 0.001563 0.002083
0 0.736719 0.771875 0.001563 0.002083
0 0.328906 0.769792 0.001563 0.002083
0 0.408594 0.765625 0.001563 0.002083
0 0.527344 0.751042 0.001563 0.002083
0 0.182031 0.738542 0.001563 0.002083
0 0.847656 0.728125 0.001563 0.002083
0 0.433594 0.723958 0.001563 0.002083
0 0.453906 0.617708 0.001563 0.002083
0 0.641406 0.551042 0.001563 0.002083
0 0.813281 0.548958 0.001563 0.002083
0 0.972656 0.532292 0.001563 0.002083
0 0.572656 0.494792 0.001563 0.002083
0 0.596094 0.378125 0.001563 0.002083
0 0.264844 0.346875 0.001563 0.002083
0 0.139844 0.330208 0.001563 0.002083
0 0.135156 0.232292 0.001563 0.002083
0 0.471094 0.140625 0.001563 0.002083
0 0.549219 0.130208 0.001563 0.002083
0 0.500781 0.128125 0.001563 0.002083
0 0.672656 0.117708 0.001563 0.002083
0 0.961719 0.055208 0.001563 0.002083
