0 0.358594 0.959375 0.001563 0.002083
0 0.322656 0.942708 0.001563 0.002083
0 0.299219 0.794792 0.001563 0.002083
0 0.067969 0.776042 0.001563 0.002083
0 0.391406 0.771875 0.001563 0.002083
0 0.389844 0.723958 0.001563 0.002083
0 0.141406 0.711458 0.001563 0.002083
0 0.527344 0.705208 0.001563 0.002083
0 0.064844 0.659375 0.001563 0.002083
0 0.721094 0.619792 0.001563 0.002083
0 0.413281 0.584375 0.001563 0.002083
0 0.347656 0.542708 0.001563 0.002083
0 0.410156 0.509375 0.001563 0.002083
0 0.896094 0.463542 0.001563 0.002083
0 0.949219 0.446875 0.001563 0.002083
0 0.872656 0.426042 0.001563 0.002083
0 0.496094 0.378125 0.001563 0.002083
0 0.047656 0.290625 0.001563 0.002083
0 0.152344 0.263542 0.001563 0.002083
0 0.078906 0.190625 0.001563 0.002083
0 0.847656 0.184375 0.001563 0.002083
0 0.010156 0.086458 0.001563 0.002083
0 0.436719 0.017708 0.001563 0.002083
