0 0.472656 0.942708 0.001563 0.002083
0 0.313281 0.936458 0.001563 0.002083
0 0.424219 0.928125 0.001563 0.002083
0 0.846094 0.909375 0.001563 0.002083
0 0.489844 0.803125 0.001563 0.002083
0 0.424219 0.776042 0.001563 0.002083
0 0.016406 0.740625 0.001563 0.002083
0 0.503906 0.732292 0.001563 0.002083
0 0.249219 0.726042 0.001563 0.002083
0 0.135156 0.705208 0.001563 0.002083
0 0.786719 0.630208 0.001563 0.002083
0 0.428906 0.486458 0.001563 0.002083
0 0.783594 0.455208 0.001563 0.002083
0 0.274219 0.426042 0.001563 0.002083
0 0.938281 0.403125 0.001563 0.002083
0 0.549219 0.398958 0.001563 0.002083
0 0.025781 0.321875 0.001563 0.002083
0 0.207031 0.286458 0.001563 0.002083
0 0.114844 0.286458 0.001563 0.002083
0 0.947656 0.136458 0.001563 0.002083
0 0.063281 0.071875 0.001563 0.002083
0 0.489844 0.034375 0.001563 0.002083
