0 0.136719 0.938542 0.001563 0.002083
0 0.980469 0.853125 0.001563 0.002083
0 0.149219 0.790625 0.001563 0.002083
0 0.894531 0.686458 0.001563 0.002083
0 0.028906 0.617708 0.001563 0.002083
0 0.208594 0.532292 0.001563 0.002083
0 0.947656 0.509375 0.001563 0.002083
0 0.278906 0.486458 0.001563 0.002083
0 0.146094 0.382292 0.001563 0.002083
0 0.097656 0.355208 0.001563 0.002083
0 0.889844 0.286458 0.001563 0.002083
0 0.505469 0.061458 0.001563 0.002083
0 0.741406 0.055208 0.001563 0.002083
0 0.080469 0.053125 0.001563 0.002083
