0 0.936719 0.957292 0.001563 0.002083
0 0.853906 0.957292 0.001563 0.002083
0 0.961719 0.884375 0.001563 0.002083
0 0.464844 0.884375 0.001563 0.002083
0 0.642969 0.863542 0.001563 0.002083
0 0.324219 0.861458 0.001563 0.002083
0 0.017969 0.861458 0.001563 0.002083
0 0.777344 0.855208 0.001563 0.002083
0 0.224219 0.784375 0.001563 0.002083
0 0.478906 0.713542 0.001563 0.002083
0 0.561719 0.694792 0.001563 0.002083
0 0.746094 0.642708 0.001563 0.002083
0 0.617969 0.638542 0.001563 0.002083
0 0.199219 0.621875 0.001563 0.002083
0 0.103906 0.555208 0.001563 0.002083
0 0.952344 0.503125 0.001563 0.002083
0 0.450781 0.473958 0.001563 0.002083
0 0.502344 0.457292 0.001563 0.002083
0 0.905469 0.430208 0.001563 0.002083
0 0.574219 0.430208 0.001563 0.002083
0 0.896094 0.353125 0.001563 0.002083
0 0.382031 0.326042 0.001563 0.002083
0 0.817969 0.315625 0.001563 0.002083
0 0.938281 0.261458 0.001563 0.002083
0 0.502344 0.211458 0.001563 0.002083
0 0.438281 0.203125 0.001563 0.002083
0 0.282031 0.176042 0.001563 0.002083
0 0.494531 0.165625 0.001563 0.002083
0 0.078906 0.138542 0.001563 0.002083
0 0.869531 0.117708 0.001563 0.002083
