0 0.308594 0.948958 0.001563 0.002083
0 0.986719 0.942708 0.001563 0.002083
0 0.488281 0.932292 0.001563 0.002083
0 0.449219 0.896875 0.001563 0.002083
0 0.519531 0.882292 0.001563 0.002083
0 0.069531 0.798958 0.001563 0.002083
0 0.486719 0.790625 0.001563 0.002083
0 0.625781 0.723958 0.001563 0.002083
0 0.100781 0.680208 0.001563 0.002083
0 0.844531 0.663542 0.001563 0.002083
0 0.210156 0.623958 0.001563 0.002083
0 0.683594 0.480208 0.001563 0.002083
0 0.597656 0.436458 0.001563 0.002083
0 0.985156 0.371875 0.001563 0.002083
0 0.111719 0.348958 0.001563 0.002083
0 0.271094 0.315625 0.001563 0.002083
0 0.169531 0.259375 0.001563 0.002083
0 0.013281 0.188542 0.001563 0.002083
0 0.114844 0.090625 0.001563 0.002083
0 0.566406 0.078125 0.001563 0.002083
0 0.027344 0.046875 0.001563 0.002083
